timestamp,accRawx,accRawy,accRawz,rotRawx,rotRawy,rotRawz,magnRawx,magnRawy,magnRawz,pressure1,pressure2,pressure3,pressure4,pressure5
1698676347.001,10,-73,-1010,31.0,19.0,14.0,444.0,101.0,852.0,189.0,738.0,1530.0,0.0,89.0
1698676347.016,10,-73,-1010,27.0,18.0,15.0,444.0,101.0,852.0,187.0,728.0,1526.0,0.0,85.0
1698676347.038,9,-73,-1011,27.0,19.0,17.0,444.0,100.0,851.0,189.0,743.0,1537.0,0.0,84.0
1698676347.06,10,-74,-1011,28.0,21.0,18.0,444.0,100.0,851.0,190.0,758.0,1536.0,0.0,84.0
1698676347.076,9,-74,-1011,26.0,23.0,16.0,445.0,100.0,851.0,198.0,747.0,1543.0,0.0,84.0
1698676347.098,10,-74,-1011,24.0,22.0,14.0,445.0,101.0,851.0,193.0,750.0,1543.0,0.0,90.0
1698676347.121,10,-74,-1012,26.0,23.0,16.0,445.0,100.0,851.0,193.0,759.0,1540.0,0.0,98.0
1698676347.136,11,-73,-1011,27.0,23.0,18.0,444.0,101.0,850.0,187.0,768.0,1538.0,0.0,99.0
1698676347.158,11,-74,-1011,27.0,26.0,16.0,444.0,101.0,848.0,189.0,778.0,1544.0,0.0,98.0
1698676347.18,11,-74,-1011,27.0,26.0,14.0,445.0,102.0,848.0,189.0,767.0,1545.0,0.0,95.0
1698676347.196,11,-73,-1011,28.0,27.0,15.0,444.0,102.0,848.0,194.0,760.0,1549.0,0.0,110.0
1698676347.218,10,-73,-1011,28.0,29.0,15.0,444.0,101.0,848.0,197.0,762.0,1539.0,0.0,212.0
1698676347.233,11,-72,-1011,28.0,28.0,18.0,444.0,101.0,850.0,198.0,776.0,1556.0,0.0,106.0
1698676347.262,10,-72,-1012,27.0,26.0,18.0,444.0,101.0,850.0,199.0,781.0,1557.0,0.0,117.0
1698676347.286,11,-72,-1012,27.0,27.0,18.0,444.0,100.0,851.0,200.0,785.0,1558.0,0.0,110.0
1698676347.308,10,-72,-1012,27.0,24.0,15.0,444.0,100.0,850.0,202.0,790.0,1555.0,0.0,112.0
1698676347.316,10,-72,-1012,24.0,24.0,14.0,444.0,100.0,849.0,201.0,782.0,1552.0,0.0,122.0
1698676347.338,10,-73,-1012,22.0,26.0,15.0,445.0,100.0,848.0,213.0,773.0,1555.0,0.0,101.0
1698676347.368,10,-73,-1012,22.0,22.0,13.0,445.0,100.0,849.0,208.0,767.0,1554.0,0.0,103.0
1698676347.375,11,-73,-1012,23.0,20.0,13.0,445.0,100.0,849.0,208.0,772.0,1548.0,0.0,108.0
1698676347.398,11,-73,-1012,26.0,22.0,16.0,445.0,101.0,849.0,207.0,787.0,1536.0,0.0,160.0
1698676347.421,11,-73,-1012,27.0,25.0,15.0,445.0,101.0,848.0,210.0,778.0,1517.0,0.0,326.0
1698676347.435,11,-73,-1011,25.0,22.0,16.0,444.0,101.0,848.0,207.0,793.0,1537.0,0.0,167.0
1698676347.458,11,-73,-1011,25.0,21.0,15.0,443.0,101.0,848.0,210.0,802.0,1543.0,0.0,110.0
1698676347.481,11,-74,-1011,26.0,23.0,17.0,443.0,101.0,849.0,207.0,787.0,1541.0,0.0,104.0
1698676347.496,11,-73,-1010,26.0,24.0,17.0,443.0,101.0,848.0,207.0,789.0,1541.0,0.0,96.0
1698676347.518,11,-73,-1011,27.0,25.0,17.0,443.0,102.0,849.0,208.0,796.0,1537.0,0.0,101.0
1698676347.541,11,-73,-1011,24.0,22.0,16.0,443.0,102.0,849.0,216.0,791.0,1539.0,0.0,100.0
1698676347.563,10,-73,-1011,25.0,22.0,17.0,444.0,103.0,849.0,225.0,803.0,1539.0,0.0,100.0
1698676347.586,10,-73,-1012,27.0,25.0,16.0,444.0,104.0,850.0,235.0,800.0,1548.0,0.0,113.0
1698676347.593,10,-73,-1012,24.0,25.0,18.0,444.0,103.0,850.0,241.0,804.0,1543.0,0.0,70.0
1698676347.616,10,-72,-1011,23.0,18.0,17.0,445.0,103.0,849.0,236.0,805.0,1565.0,0.0,39.0
1698676347.646,8,-72,-1012,16.0,-25.0,22.0,445.0,102.0,849.0,189.0,761.0,1430.0,0.0,87.0
1698676347.66,1,-67,-1033,-9.0,-118.0,35.0,446.0,101.0,848.0,390.0,430.0,1355.0,44.0,315.0
1698676347.676,9,-59,-1118,-417.0,-185.0,97.0,446.0,100.0,849.0,2.0,270.0,1311.0,236.0,697.0
1698676347.698,-6,-58,-1209,-997.0,-164.0,186.0,448.0,101.0,848.0,0.0,228.0,1127.0,166.0,711.0
1698676347.72,-40,-56,-1265,-1577.0,-9.0,321.0,448.0,102.0,848.0,201.0,62.0,1094.0,7.0,623.0
1698676347.736,-118,28,-1195,-1788.0,467.0,640.0,449.0,105.0,849.0,0.0,79.0,960.0,0.0,16.0
1698676347.758,-83,198,-1190,-650.0,766.0,1137.0,447.0,109.0,851.0,0.0,42.0,631.0,0.0,0.0
1698676347.781,-76,270,-1156,492.0,379.0,1194.0,446.0,107.0,855.0,0.0,1.0,787.0,0.0,0.0
1698676347.796,-143,332,-1083,922.0,283.0,1073.0,444.0,102.0,858.0,1.0,0.0,791.0,0.0,0.0
1698676347.818,-171,395,-1033,1259.0,692.0,1020.0,441.0,94.0,861.0,39.0,0.0,748.0,0.0,8.0
1698676347.841,-143,430,-996,1521.0,861.0,886.0,438.0,85.0,863.0,0.0,0.0,810.0,0.0,0.0
1698676347.856,-115,433,-959,1669.0,822.0,674.0,435.0,74.0,863.0,5.0,0.0,792.0,0.0,0.0
1698676347.886,-91,394,-930,1707.0,817.0,447.0,430.0,63.0,863.0,0.0,0.0,833.0,0.0,0.0
1698676347.9,-64,310,-921,1554.0,890.0,209.0,424.0,51.0,860.0,0.0,0.0,813.0,0.0,0.0
1698676347.916,-29,206,-921,1307.0,957.0,-102.0,419.0,39.0,855.0,36.0,0.0,767.0,0.0,2.0
1698676347.938,1,83,-933,1095.0,971.0,-498.0,414.0,29.0,853.0,0.0,0.0,701.0,0.0,0.0
1698676347.961,22,-29,-938,927.0,920.0,-856.0,409.0,22.0,850.0,0.0,1.0,743.0,0.0,0.0
1698676347.976,34,-125,-937,793.0,730.0,-1043.0,405.0,16.0,847.0,0.0,0.0,819.0,0.0,0.0
1698676347.998,32,-213,-946,691.0,537.0,-993.0,402.0,12.0,845.0,0.0,149.0,782.0,0.0,0.0
1698676348.02,36,-307,-969,597.0,439.0,-851.0,399.0,8.0,842.0,0.0,53.0,821.0,0.0,0.0
1698676348.035,48,-392,-993,467.0,278.0,-701.0,397.0,6.0,840.0,0.0,0.0,844.0,0.0,0.0
1698676348.058,38,-641,-1025,-508.0,142.0,-123.0,396.0,6.0,838.0,0.0,12.0,644.0,0.0,10.0
1698676348.081,-5,-537,-1111,-1111.0,-387.0,200.0,394.0,8.0,838.0,0.0,90.0,717.0,0.0,0.0
1698676348.096,-58,-403,-1183,-813.0,-661.0,266.0,393.0,12.0,838.0,0.0,359.0,879.0,0.0,0.0
1698676348.118,-76,-351,-1182,-363.0,-659.0,144.0,392.0,16.0,838.0,0.0,412.0,811.0,0.0,0.0
1698676348.14,-90,-269,-1184,15.0,-413.0,-81.0,392.0,19.0,838.0,0.0,418.0,844.0,0.0,0.0
1698676348.156,-89,-200,-1163,332.0,-211.0,-228.0,393.0,21.0,837.0,0.0,420.0,857.0,0.0,0.0
1698676348.178,-81,-143,-1139,540.0,-43.0,-270.0,394.0,20.0,835.0,0.0,329.0,821.0,0.0,0.0
1698676348.201,-69,-94,-1118,659.0,88.0,-225.0,395.0,19.0,832.0,0.0,275.0,812.0,0.0,0.0
1698676348.216,-60,-54,-1115,743.0,198.0,-127.0,397.0,18.0,830.0,0.0,114.0,635.0,0.0,0.0
1698676348.238,-59,-26,-1124,866.0,357.0,2.0,398.0,17.0,827.0,0.0,16.0,589.0,0.0,0.0
1698676348.261,-85,-30,-1147,966.0,582.0,193.0,399.0,12.0,825.0,0.0,0.0,542.0,0.0,0.0
1698676348.276,-77,-57,-1172,729.0,702.0,477.0,398.0,7.0,824.0,0.0,12.0,589.0,0.0,5.0
1698676348.298,-46,-53,-1156,330.0,467.0,612.0,397.0,2.0,824.0,0.0,88.0,597.0,0.0,0.0
1698676348.32,-49,-18,-1122,68.0,47.0,542.0,396.0,-1.0,824.0,0.0,43.0,603.0,0.0,0.0
1698676348.336,-65,18,-1082,0.0,-188.0,380.0,395.0,-4.0,823.0,0.0,22.0,608.0,0.0,0.0
1698676348.358,-82,48,-1041,-66.0,-187.0,242.0,395.0,-5.0,822.0,0.0,40.0,615.0,0.0,0.0
1698676348.38,-88,67,-1002,-151.0,-140.0,148.0,394.0,-7.0,822.0,0.0,22.0,615.0,0.0,0.0
1698676348.396,-85,62,-978,-194.0,-138.0,83.0,392.0,-8.0,821.0,0.0,44.0,657.0,0.0,0.0
1698676348.418,-78,37,-963,-177.0,-206.0,38.0,393.0,-9.0,821.0,0.0,113.0,645.0,0.0,0.0
1698676348.44,-77,0,-957,-152.0,-295.0,40.0,392.0,-10.0,822.0,0.0,160.0,782.0,0.0,0.0
1698676348.456,-82,-36,-950,-171.0,-336.0,101.0,393.0,-10.0,821.0,0.0,157.0,744.0,0.0,0.0
1698676348.478,-89,-59,-947,-271.0,-309.0,194.0,395.0,-10.0,821.0,0.0,141.0,759.0,0.0,0.0
1698676348.508,-87,-70,-943,-391.0,-289.0,235.0,395.0,-9.0,821.0,0.0,120.0,778.0,0.0,0.0
1698676348.516,-80,-81,-937,-505.0,-321.0,176.0,396.0,-9.0,820.0,0.0,208.0,689.0,0.0,0.0
1698676348.545,-78,-88,-925,-617.0,-358.0,30.0,397.0,-8.0,821.0,0.0,236.0,619.0,0.0,0.0
1698676348.561,-85,-83,-918,-799.0,-365.0,-103.0,399.0,-6.0,823.0,0.0,169.0,645.0,0.0,0.0
1698676348.576,-99,-60,-914,-946.0,-265.0,-164.0,400.0,-3.0,824.0,0.0,165.0,639.0,0.0,0.0
1698676348.598,-94,-35,-912,-868.0,-117.0,-209.0,402.0,0.0,827.0,0.0,177.0,694.0,0.0,0.0
1698676348.62,-71,-39,-919,-716.0,-85.0,-316.0,404.0,4.0,828.0,0.0,137.0,739.0,0.0,0.0
1698676348.636,-63,-60,-937,-717.0,-156.0,-458.0,407.0,8.0,832.0,0.0,95.0,693.0,0.0,0.0
1698676348.658,-78,-60,-951,-856.0,-152.0,-506.0,409.0,13.0,835.0,0.0,97.0,683.0,0.0,0.0
1698676348.68,-83,-34,-974,-950.0,-34.0,-447.0,413.0,18.0,839.0,0.0,112.0,724.0,0.0,0.0
1698676348.696,-78,16,-992,-831.0,8.0,-375.0,416.0,23.0,842.0,0.0,334.0,721.0,0.0,0.0
1698676348.718,-76,49,-994,-633.0,-29.0,-350.0,418.0,30.0,845.0,0.0,323.0,734.0,0.0,0.0
1698676348.748,-75,65,-998,-556.0,-48.0,-375.0,421.0,37.0,849.0,0.0,332.0,748.0,0.0,0.0
1698676348.756,-74,89,-982,-535.0,-72.0,-414.0,423.0,45.0,853.0,0.0,284.0,716.0,0.0,0.0
1698676348.778,-82,116,-965,-733.0,-82.0,-419.0,427.0,52.0,855.0,0.0,235.0,742.0,0.0,0.0
1698676348.801,-94,148,-952,-746.0,-37.0,-339.0,429.0,60.0,856.0,0.0,270.0,725.0,0.0,1.0
1698676348.823,-90,194,-944,-810.0,18.0,-203.0,430.0,68.0,858.0,26.0,269.0,946.0,0.0,0.0
1698676348.838,-262,101,-1116,295.0,-904.0,-816.0,433.0,75.0,858.0,0.0,300.0,978.0,0.0,3.0
1698676348.86,-296,71,-1163,814.0,-249.0,-179.0,436.0,81.0,857.0,0.0,134.0,1281.0,0.0,25.0
1698676348.876,-260,73,-1290,438.0,-522.0,-93.0,439.0,86.0,854.0,7.0,105.0,1328.0,0.0,82.0
1698676348.906,-195,47,-1245,246.0,-310.0,-17.0,442.0,87.0,853.0,0.0,137.0,1276.0,46.0,111.0
1698676348.921,-157,25,-1223,96.0,79.0,61.0,445.0,89.0,851.0,0.0,126.0,1328.0,0.0,79.0
1698676348.936,-111,-1,-1168,-10.0,94.0,4.0,447.0,90.0,851.0,0.0,182.0,1349.0,0.0,21.0
1698676348.958,-103,-20,-1105,37.0,95.0,11.0,448.0,91.0,851.0,0.0,256.0,1328.0,0.0,53.0
1698676348.981,-78,-34,-1099,145.0,-99.0,5.0,449.0,92.0,850.0,0.0,167.0,1337.0,0.0,83.0
1698676348.996,-51,-38,-1092,74.0,-111.0,21.0,450.0,93.0,850.0,0.0,163.0,1363.0,0.0,38.0
1698676349.018,-34,-45,-1079,59.0,-49.0,21.0,450.0,94.0,850.0,0.0,151.0,1382.0,0.0,15.0
1698676349.04,-24,-50,-1064,54.0,14.0,18.0,451.0,95.0,850.0,0.0,203.0,1446.0,0.0,0.0
1698676349.056,-18,-54,-1051,48.0,40.0,14.0,450.0,96.0,850.0,0.0,204.0,1348.0,0.0,150.0
1698676349.079,-11,-57,-1043,39.0,34.0,16.0,451.0,98.0,849.0,0.0,232.0,1340.0,0.0,147.0
1698676349.101,-5,-59,-1035,32.0,31.0,17.0,451.0,98.0,849.0,0.0,288.0,1296.0,0.0,177.0
1698676349.116,-1,-62,-1030,29.0,29.0,17.0,451.0,99.0,849.0,5.0,369.0,1364.0,0.0,213.0
1698676349.138,1,-64,-1027,31.0,40.0,18.0,451.0,100.0,848.0,0.0,383.0,1426.0,0.0,181.0
1698676349.16,3,-65,-1023,32.0,46.0,17.0,450.0,101.0,847.0,18.0,405.0,1479.0,0.0,91.0
1698676349.176,5,-66,-1021,31.0,53.0,19.0,450.0,101.0,847.0,9.0,407.0,1433.0,0.0,10.0
1698676349.198,6,-67,-1019,27.0,58.0,19.0,451.0,102.0,847.0,5.0,426.0,1472.0,0.0,10.0
1698676349.228,7,-68,-1018,27.0,59.0,19.0,451.0,101.0,846.0,1.0,399.0,1494.0,0.0,6.0
1698676349.236,8,-69,-1016,26.0,59.0,20.0,451.0,100.0,847.0,36.0,432.0,1458.0,0.0,30.0
1698676349.258,8,-70,-1015,26.0,56.0,18.0,450.0,101.0,847.0,41.0,393.0,1504.0,0.0,11.0
1698676349.281,9,-70,-1014,29.0,58.0,17.0,449.0,101.0,847.0,39.0,402.0,1520.0,0.0,22.0
1698676349.296,10,-71,-1014,28.0,64.0,17.0,448.0,101.0,847.0,36.0,459.0,1485.0,0.0,8.0
1698676349.333,10,-71,-1016,27.0,71.0,14.0,448.0,101.0,847.0,19.0,424.0,1417.0,0.0,3.0
1698676349.341,10,-69,-1019,13.0,82.0,12.0,447.0,100.0,848.0,0.0,326.0,1374.0,0.0,0.0
1698676349.356,15,-67,-1042,-45.0,204.0,13.0,447.0,100.0,848.0,0.0,315.0,1478.0,0.0,4.0
1698676349.378,-11,-52,-1088,-211.0,347.0,139.0,448.0,100.0,849.0,0.0,200.0,1434.0,0.0,114.0
1698676349.401,-49,-46,-1081,-405.0,432.0,266.0,449.0,99.0,850.0,0.0,167.0,1367.0,0.0,134.0
1698676349.416,-67,-43,-1035,-306.0,750.0,560.0,448.0,99.0,853.0,0.0,286.0,1350.0,0.0,1.0
1698676349.438,-41,-71,-980,-141.0,741.0,712.0,445.0,98.0,855.0,0.0,185.0,1394.0,0.0,0.0
1698676349.461,-18,-100,-926,5.0,220.0,575.0,443.0,97.0,857.0,0.0,240.0,1364.0,0.0,4.0
1698676349.483,-3,-108,-907,231.0,-377.0,359.0,443.0,95.0,859.0,0.0,435.0,1352.0,0.0,24.0
1698676349.506,4,-104,-929,500.0,-591.0,238.0,442.0,94.0,861.0,0.0,371.0,1361.0,0.0,6.0
1698676349.528,12,-81,-1010,273.0,-661.0,152.0,443.0,92.0,859.0,0.0,271.0,1406.0,0.0,30.0
1698676349.542,23,-80,-1021,164.0,-351.0,87.0,445.0,91.0,858.0,0.0,320.0,1421.0,0.0,44.0
1698676349.558,23,-79,-1019,103.0,-62.0,35.0,445.0,91.0,857.0,0.0,276.0,1441.0,0.0,29.0
1698676349.581,20,-78,-1015,45.0,49.0,0.0,446.0,89.0,856.0,0.0,181.0,1412.0,0.0,87.0
1698676349.596,13,-78,-1010,23.0,37.0,-8.0,447.0,87.0,857.0,0.0,166.0,1369.0,34.0,210.0
1698676349.618,10,-78,-1007,27.0,-19.0,7.0,447.0,86.0,856.0,0.0,148.0,1392.0,79.0,211.0
1698676349.655,12,-77,-1012,25.0,-45.0,16.0,448.0,86.0,856.0,0.0,178.0,1379.0,77.0,337.0
1698676349.659,13,-76,-1015,25.0,-24.0,20.0,449.0,85.0,855.0,0.0,254.0,1395.0,101.0,420.0
1698676349.678,18,-76,-1021,12.0,27.0,9.0,449.0,85.0,855.0,0.0,135.0,1389.0,138.0,567.0
1698676349.701,24,-74,-1037,-48.0,12.0,-95.0,449.0,84.0,855.0,0.0,144.0,1376.0,199.0,464.0
1698676349.716,17,-75,-1043,-150.0,108.0,-98.0,448.0,83.0,856.0,0.0,356.0,1366.0,228.0,459.0
1698676349.738,13,-78,-1038,-224.0,159.0,-108.0,448.0,83.0,855.0,0.0,279.0,1364.0,213.0,408.0
1698676349.76,11,-85,-1008,-201.0,242.0,-93.0,449.0,85.0,854.0,0.0,357.0,1422.0,117.0,382.0
1698676349.783,13,-93,-973,-53.0,254.0,-103.0,449.0,86.0,853.0,0.0,350.0,1418.0,11.0,124.0
1698676349.798,6,-96,-953,142.0,176.0,-128.0,449.0,88.0,852.0,0.0,355.0,1472.0,14.0,149.0
1698676349.828,-4,-93,-952,347.0,74.0,-119.0,448.0,88.0,852.0,0.0,383.0,1486.0,43.0,252.0
1698676349.842,-17,-87,-966,270.0,-200.0,-24.0,447.0,89.0,851.0,0.0,527.0,1464.0,12.0,281.0
1698676349.865,-5,-83,-988,150.0,-236.0,12.0,446.0,90.0,851.0,1.0,273.0,1453.0,70.0,204.0
1698676349.888,2,-80,-998,95.0,-94.0,14.0,445.0,91.0,852.0,0.0,267.0,1509.0,87.0,218.0
1698676349.896,3,-80,-1001,62.0,22.0,8.0,446.0,92.0,853.0,0.0,237.0,1511.0,85.0,233.0
1698676349.933,1,-79,-1000,44.0,46.0,7.0,446.0,92.0,852.0,0.0,240.0,1498.0,88.0,218.0
1698676349.941,0,-79,-1000,35.0,9.0,14.0,446.0,92.0,852.0,0.0,245.0,1495.0,85.0,232.0
1698676349.956,1,-77,-1005,32.0,-23.0,20.0,447.0,93.0,853.0,0.0,290.0,1480.0,90.0,284.0
1698676349.978,4,-76,-1007,32.0,-22.0,22.0,447.0,93.0,852.0,0.0,232.0,1505.0,82.0,245.0
1698676350.001,5,-77,-1009,35.0,0.0,20.0,448.0,94.0,853.0,0.0,269.0,1511.0,78.0,254.0
1698676350.016,5,-77,-1008,34.0,15.0,18.0,448.0,95.0,852.0,0.0,279.0,1519.0,84.0,256.0
1698676350.038,5,-77,-1008,32.0,10.0,18.0,448.0,94.0,852.0,0.0,310.0,1520.0,100.0,208.0
1698676350.061,7,-77,-1008,37.0,2.0,19.0,448.0,95.0,853.0,0.0,373.0,1529.0,98.0,160.0
1698676350.083,7,-76,-1009,34.0,-9.0,21.0,448.0,95.0,852.0,0.0,384.0,1496.0,81.0,97.0
1698676350.098,8,-75,-1010,33.0,-18.0,25.0,448.0,96.0,853.0,13.0,581.0,1501.0,83.0,90.0
1698676350.121,10,-74,-1012,31.0,-14.0,23.0,448.0,97.0,853.0,96.0,585.0,1502.0,86.0,104.0
1698676350.136,11,-73,-1012,29.0,-5.0,22.0,448.0,97.0,853.0,95.0,598.0,1496.0,87.0,96.0
1698676350.166,11,-74,-1012,29.0,3.0,18.0,448.0,97.0,854.0,45.0,611.0,1502.0,88.0,94.0
1698676350.188,13,-74,-1011,27.0,10.0,18.0,448.0,98.0,853.0,24.0,657.0,1501.0,87.0,113.0
1698676350.211,14,-74,-1011,27.0,15.0,15.0,448.0,98.0,852.0,43.0,597.0,1504.0,89.0,152.0
1698676350.218,14,-73,-1011,27.0,18.0,16.0,448.0,98.0,853.0,46.0,612.0,1520.0,101.0,134.0
1698676350.241,15,-73,-1011,27.0,22.0,15.0,448.0,97.0,854.0,47.0,611.0,1518.0,96.0,140.0
1698676350.262,15,-73,-1010,26.0,27.0,15.0,448.0,98.0,852.0,50.0,618.0,1516.0,80.0,140.0
1698676350.278,15,-74,-1010,23.0,30.0,14.0,449.0,97.0,851.0,47.0,633.0,1523.0,81.0,156.0
1698676350.301,15,-74,-1011,21.0,30.0,17.0,449.0,96.0,852.0,43.0,633.0,1523.0,94.0,180.0
1698676350.316,14,-74,-1011,21.0,32.0,13.0,449.0,96.0,853.0,39.0,618.0,1519.0,89.0,237.0
1698676350.338,13,-74,-1011,22.0,30.0,13.0,449.0,96.0,852.0,36.0,626.0,1498.0,93.0,274.0
1698676350.361,13,-74,-1011,21.0,26.0,15.0,449.0,96.0,852.0,47.0,649.0,1534.0,132.0,295.0
1698676350.376,14,-75,-1011,24.0,25.0,16.0,449.0,95.0,852.0,54.0,647.0,1543.0,132.0,315.0
1698676350.398,13,-74,-1012,24.0,23.0,18.0,449.0,95.0,851.0,51.0,659.0,1538.0,135.0,356.0
1698676350.421,13,-75,-1012,27.0,25.0,18.0,450.0,95.0,852.0,61.0,662.0,1541.0,153.0,350.0
1698676350.443,13,-75,-1014,27.0,25.0,18.0,450.0,95.0,852.0,69.0,662.0,1544.0,147.0,351.0
1698676350.466,13,-75,-1014,28.0,16.0,17.0,450.0,95.0,851.0,33.0,690.0,1554.0,139.0,351.0
1698676350.488,13,-75,-1013,30.0,13.0,18.0,451.0,95.0,849.0,102.0,669.0,1546.0,142.0,362.0
1698676350.495,13,-75,-1013,29.0,6.0,21.0,451.0,94.0,848.0,82.0,670.0,1548.0,151.0,367.0
1698676350.518,15,-74,-1012,28.0,5.0,22.0,451.0,94.0,849.0,121.0,661.0,1545.0,137.0,361.0
1698676350.54,16,-74,-1012,29.0,14.0,23.0,450.0,95.0,848.0,129.0,660.0,1550.0,139.0,348.0
1698676350.571,16,-74,-1012,27.0,22.0,20.0,449.0,95.0,848.0,126.0,671.0,1549.0,144.0,330.0
1698676350.592,16,-75,-1011,27.0,28.0,17.0,449.0,95.0,848.0,109.0,671.0,1544.0,142.0,331.0
1698676350.615,16,-74,-1010,26.0,35.0,19.0,449.0,95.0,849.0,55.0,668.0,1563.0,143.0,251.0
1698676350.619,17,-74,-1010,24.0,36.0,19.0,448.0,95.0,850.0,58.0,672.0,1569.0,140.0,232.0
1698676350.646,16,-74,-1011,26.0,40.0,16.0,447.0,95.0,849.0,39.0,678.0,1577.0,128.0,212.0
1698676350.661,16,-75,-1011,28.0,42.0,20.0,446.0,95.0,850.0,47.0,692.0,1584.0,128.0,189.0
1698676350.676,15,-75,-1011,29.0,38.0,17.0,447.0,96.0,850.0,47.0,676.0,1585.0,130.0,174.0
1698676350.699,15,-75,-1011,27.0,34.0,18.0,447.0,96.0,850.0,49.0,692.0,1587.0,129.0,174.0
1698676350.72,15,-74,-1012,27.0,30.0,18.0,447.0,96.0,851.0,53.0,692.0,1597.0,134.0,156.0
1698676350.743,14,-74,-1012,27.0,31.0,15.0,447.0,96.0,850.0,56.0,677.0,1598.0,135.0,168.0
1698676350.766,15,-74,-1011,27.0,29.0,15.0,447.0,97.0,850.0,59.0,683.0,1611.0,138.0,176.0
1698676350.796,15,-75,-1011,27.0,27.0,14.0,446.0,97.0,851.0,64.0,683.0,1615.0,138.0,168.0
1698676350.799,14,-75,-1011,27.0,27.0,15.0,446.0,98.0,851.0,67.0,685.0,1614.0,146.0,166.0
1698676350.818,14,-75,-1012,29.0,29.0,15.0,446.0,97.0,852.0,63.0,679.0,1614.0,150.0,175.0
1698676350.848,14,-76,-1011,30.0,26.0,15.0,446.0,97.0,851.0,69.0,668.0,1615.0,158.0,164.0
1698676350.855,13,-76,-1011,29.0,28.0,14.0,446.0,97.0,852.0,64.0,671.0,1602.0,167.0,191.0
1698676350.878,13,-75,-1012,27.0,26.0,12.0,447.0,97.0,853.0,68.0,675.0,1610.0,174.0,211.0
1698676350.9,13,-75,-1012,28.0,26.0,14.0,447.0,96.0,853.0,68.0,676.0,1610.0,176.0,208.0
1698676350.915,14,-76,-1011,29.0,24.0,13.0,447.0,97.0,853.0,68.0,687.0,1605.0,170.0,210.0
1698676350.938,14,-75,-1011,30.0,24.0,14.0,447.0,97.0,852.0,67.0,687.0,1597.0,161.0,211.0
1698676350.96,14,-75,-1011,28.0,26.0,16.0,446.0,96.0,853.0,71.0,684.0,1604.0,168.0,200.0
1698676350.99,14,-75,-1011,30.0,27.0,16.0,446.0,97.0,853.0,69.0,697.0,1611.0,170.0,209.0
1698676350.998,14,-75,-1010,30.0,27.0,16.0,445.0,98.0,852.0,69.0,704.0,1608.0,173.0,207.0
1698676351.021,14,-75,-1010,30.0,25.0,18.0,445.0,97.0,852.0,71.0,702.0,1608.0,163.0,207.0
1698676351.043,15,-75,-1011,30.0,25.0,15.0,445.0,98.0,853.0,70.0,701.0,1612.0,163.0,211.0
1698676351.058,15,-75,-1010,29.0,26.0,17.0,446.0,97.0,852.0,67.0,698.0,1610.0,162.0,212.0
1698676351.081,15,-75,-1010,29.0,27.0,16.0,445.0,97.0,853.0,68.0,689.0,1610.0,168.0,209.0
1698676351.102,15,-76,-1011,28.0,29.0,15.0,445.0,97.0,852.0,70.0,695.0,1598.0,159.0,210.0
1698676351.125,15,-75,-1010,27.0,28.0,14.0,445.0,97.0,851.0,70.0,693.0,1597.0,164.0,191.0
1698676351.148,16,-75,-1010,28.0,27.0,13.0,445.0,98.0,850.0,71.0,701.0,1617.0,164.0,194.0
1698676351.171,15,-76,-1010,26.0,27.0,16.0,444.0,98.0,850.0,72.0,709.0,1626.0,160.0,225.0
1698676351.193,14,-76,-1009,29.0,28.0,16.0,444.0,98.0,851.0,71.0,686.0,1608.0,163.0,167.0
1698676351.201,14,-76,-1010,26.0,26.0,14.0,444.0,98.0,851.0,67.0,691.0,1602.0,169.0,169.0
1698676351.215,14,-75,-1010,26.0,26.0,17.0,445.0,98.0,850.0,70.0,691.0,1606.0,172.0,155.0
1698676351.238,14,-74,-1010,26.0,28.0,17.0,445.0,97.0,850.0,84.0,685.0,1604.0,173.0,159.0
1698676351.275,13,-74,-1011,29.0,28.0,15.0,445.0,97.0,851.0,80.0,692.0,1610.0,167.0,167.0
1698676351.283,14,-74,-1010,26.0,26.0,13.0,446.0,97.0,851.0,84.0,699.0,1609.0,169.0,167.0
1698676351.298,14,-74,-1010,26.0,27.0,15.0,445.0,96.0,851.0,98.0,693.0,1608.0,163.0,180.0
1698676351.321,14,-74,-1011,28.0,25.0,15.0,444.0,96.0,851.0,114.0,681.0,1597.0,161.0,261.0
1698676351.343,14,-74,-1011,27.0,23.0,17.0,444.0,96.0,850.0,135.0,677.0,1583.0,160.0,322.0
1698676351.358,14,-74,-1011,28.0,26.0,15.0,445.0,96.0,850.0,170.0,675.0,1570.0,165.0,383.0
1698676351.381,15,-75,-1012,28.0,27.0,15.0,446.0,96.0,850.0,175.0,675.0,1566.0,159.0,422.0
1698676351.396,14,-75,-1011,27.0,27.0,16.0,447.0,95.0,852.0,202.0,728.0,1607.0,169.0,401.0
1698676351.426,15,-75,-1012,27.0,28.0,15.0,446.0,95.0,851.0,197.0,727.0,1617.0,165.0,391.0
1698676351.448,15,-75,-1011,26.0,28.0,14.0,447.0,94.0,852.0,199.0,734.0,1630.0,179.0,319.0
1698676351.471,15,-75,-1011,26.0,30.0,14.0,447.0,95.0,853.0,198.0,734.0,1649.0,183.0,229.0
1698676351.478,15,-75,-1011,29.0,29.0,14.0,447.0,95.0,853.0,197.0,720.0,1621.0,173.0,243.0
1698676351.501,14,-75,-1010,28.0,27.0,12.0,447.0,96.0,851.0,208.0,744.0,1637.0,170.0,250.0
1698676351.516,14,-75,-1011,25.0,27.0,15.0,447.0,95.0,851.0,168.0,730.0,1634.0,166.0,288.0
1698676351.538,13,-75,-1011,26.0,23.0,15.0,447.0,95.0,850.0,178.0,744.0,1613.0,166.0,268.0
1698676351.561,13,-75,-1011,28.0,22.0,14.0,447.0,95.0,850.0,188.0,740.0,1618.0,172.0,250.0
1698676351.576,13,-75,-1010,28.0,25.0,14.0,446.0,95.0,850.0,187.0,754.0,1624.0,166.0,270.0
1698676351.598,13,-75,-1009,27.0,27.0,16.0,446.0,94.0,850.0,162.0,726.0,1586.0,160.0,239.0
1698676351.621,13,-75,-1009,29.0,26.0,15.0,447.0,94.0,849.0,157.0,744.0,1588.0,166.0,266.0
1698676351.642,14,-75,-1009,28.0,25.0,15.0,447.0,95.0,849.0,167.0,713.0,1590.0,169.0,274.0
1698676351.658,14,-75,-1010,28.0,25.0,13.0,447.0,95.0,849.0,163.0,720.0,1590.0,161.0,263.0
1698676351.681,14,-74,-1010,25.0,28.0,15.0,446.0,95.0,850.0,170.0,713.0,1593.0,167.0,256.0
1698676351.703,14,-75,-1010,27.0,27.0,14.0,446.0,94.0,850.0,170.0,705.0,1598.0,171.0,269.0
1698676351.726,14,-75,-1009,28.0,29.0,15.0,446.0,94.0,851.0,185.0,720.0,1617.0,170.0,261.0
1698676351.748,15,-74,-1009,28.0,29.0,15.0,445.0,94.0,852.0,191.0,727.0,1614.0,163.0,299.0
1698676351.771,15,-75,-1009,28.0,29.0,14.0,445.0,94.0,851.0,201.0,744.0,1615.0,172.0,316.0
1698676351.778,15,-75,-1010,27.0,27.0,13.0,445.0,94.0,851.0,203.0,756.0,1608.0,167.0,336.0
1698676351.808,15,-75,-1010,28.0,27.0,12.0,445.0,94.0,851.0,194.0,777.0,1612.0,168.0,327.0
1698676351.831,15,-75,-1009,28.0,28.0,13.0,444.0,94.0,850.0,194.0,776.0,1609.0,159.0,327.0
1698676351.838,15,-74,-1010,27.0,25.0,12.0,445.0,95.0,851.0,195.0,758.0,1610.0,168.0,352.0
1698676351.861,15,-74,-1010,26.0,26.0,14.0,445.0,95.0,852.0,197.0,762.0,1616.0,166.0,353.0
1698676351.883,16,-75,-1010,26.0,29.0,17.0,445.0,96.0,853.0,189.0,794.0,1612.0,172.0,358.0
1698676351.898,15,-75,-1010,25.0,29.0,15.0,445.0,96.0,853.0,184.0,807.0,1616.0,176.0,361.0
1698676351.921,15,-75,-1010,23.0,30.0,16.0,444.0,96.0,852.0,184.0,807.0,1618.0,166.0,343.0
1698676351.943,15,-75,-1011,25.0,29.0,16.0,444.0,97.0,852.0,180.0,811.0,1614.0,167.0,275.0
1698676351.959,15,-75,-1010,26.0,29.0,15.0,444.0,97.0,852.0,171.0,810.0,1613.0,175.0,363.0
1698676351.981,15,-75,-1011,27.0,26.0,15.0,444.0,96.0,852.0,173.0,801.0,1613.0,172.0,391.0
1698676351.995,14,-74,-1010,26.0,25.0,16.0,444.0,96.0,852.0,174.0,822.0,1626.0,167.0,405.0
1698676352.018,14,-75,-1011,28.0,26.0,15.0,444.0,96.0,853.0,179.0,816.0,1622.0,167.0,459.0
1698676352.048,15,-74,-1011,27.0,26.0,16.0,444.0,96.0,853.0,182.0,832.0,1623.0,168.0,424.0
1698676352.063,14,-74,-1010,27.0,26.0,12.0,444.0,97.0,852.0,181.0,814.0,1620.0,166.0,432.0
1698676352.078,15,-75,-1010,26.0,26.0,15.0,445.0,96.0,851.0,176.0,828.0,1619.0,176.0,449.0
1698676352.108,15,-75,-1010,26.0,28.0,15.0,445.0,96.0,851.0,183.0,832.0,1664.0,170.0,455.0
1698676352.131,15,-74,-1010,28.0,28.0,13.0,445.0,97.0,852.0,178.0,818.0,1677.0,175.0,443.0
1698676352.153,14,-75,-1011,30.0,26.0,15.0,445.0,97.0,852.0,171.0,821.0,1668.0,175.0,435.0
1698676352.16,14,-74,-1010,27.0,26.0,14.0,444.0,96.0,852.0,169.0,826.0,1672.0,173.0,434.0
1698676352.183,14,-74,-1011,29.0,26.0,15.0,444.0,96.0,851.0,163.0,820.0,1677.0,175.0,376.0
1698676352.198,14,-75,-1011,27.0,27.0,16.0,444.0,97.0,850.0,153.0,805.0,1678.0,171.0,383.0
1698676352.228,14,-75,-1011,27.0,27.0,16.0,445.0,97.0,850.0,150.0,821.0,1687.0,177.0,359.0
1698676352.243,14,-75,-1010,27.0,28.0,17.0,445.0,97.0,851.0,164.0,828.0,1686.0,178.0,329.0
1698676352.258,13,-75,-1011,28.0,24.0,15.0,445.0,97.0,852.0,154.0,829.0,1687.0,178.0,335.0
1698676352.281,13,-75,-1011,31.0,26.0,18.0,445.0,97.0,852.0,163.0,839.0,1681.0,175.0,336.0
1698676352.304,13,-74,-1011,29.0,25.0,14.0,446.0,97.0,852.0,170.0,893.0,1677.0,173.0,345.0
1698676352.318,13,-75,-1011,30.0,28.0,15.0,446.0,97.0,852.0,205.0,891.0,1683.0,181.0,327.0
1698676352.341,14,-74,-1011,30.0,26.0,13.0,447.0,97.0,851.0,192.0,841.0,1682.0,185.0,339.0
1698676352.363,14,-74,-1011,28.0,25.0,13.0,447.0,97.0,851.0,173.0,858.0,1683.0,177.0,333.0
1698676352.385,14,-75,-1011,30.0,26.0,14.0,448.0,97.0,851.0,179.0,872.0,1716.0,172.0,335.0
1698676352.408,14,-74,-1011,30.0,28.0,15.0,448.0,97.0,850.0,179.0,810.0,1697.0,165.0,415.0
1698676352.431,14,-75,-1011,33.0,29.0,13.0,448.0,96.0,852.0,191.0,870.0,1707.0,161.0,399.0
1698676352.438,14,-75,-1012,31.0,32.0,12.0,449.0,95.0,853.0,192.0,885.0,1676.0,85.0,364.0
1698676352.461,15,-75,-1012,32.0,34.0,13.0,449.0,95.0,852.0,194.0,848.0,1680.0,1.0,217.0
1698676352.483,16,-74,-1011,37.0,39.0,12.0,448.0,95.0,852.0,136.0,779.0,1633.0,0.0,176.0
1698676352.498,16,-75,-1012,38.0,43.0,13.0,448.0,96.0,853.0,146.0,743.0,1600.0,0.0,169.0
1698676352.521,16,-74,-1012,44.0,42.0,10.0,448.0,96.0,852.0,135.0,644.0,1559.0,0.0,112.0
1698676352.543,16,-74,-1012,50.0,41.0,14.0,449.0,97.0,851.0,124.0,611.0,1506.0,0.0,38.0
1698676352.559,15,-73,-1012,46.0,40.0,11.0,449.0,96.0,852.0,147.0,657.0,1550.0,0.0,24.0
1698676352.581,14,-73,-1012,45.0,36.0,13.0,448.0,96.0,853.0,206.0,605.0,1513.0,0.0,50.0
1698676352.603,14,-73,-1012,46.0,39.0,10.0,449.0,96.0,853.0,100.0,582.0,1496.0,0.0,9.0
1698676352.618,14,-73,-1011,51.0,44.0,11.0,447.0,96.0,854.0,91.0,634.0,1449.0,0.0,177.0
1698676352.641,13,-73,-1011,52.0,47.0,11.0,446.0,97.0,855.0,90.0,638.0,1387.0,0.0,176.0
1698676352.663,13,-72,-1011,48.0,47.0,11.0,446.0,97.0,854.0,90.0,635.0,1376.0,0.0,128.0
1698676352.685,12,-71,-1011,44.0,43.0,7.0,446.0,97.0,854.0,104.0,693.0,1331.0,0.0,135.0
1698676352.708,12,-71,-1011,42.0,44.0,10.0,446.0,96.0,855.0,92.0,717.0,1402.0,0.0,0.0
1698676352.723,12,-71,-1011,45.0,49.0,13.0,445.0,98.0,856.0,108.0,853.0,1406.0,0.0,14.0
1698676352.738,12,-72,-1010,52.0,58.0,14.0,445.0,97.0,858.0,64.0,735.0,1239.0,0.0,0.0
1698676352.761,11,-71,-1010,59.0,59.0,21.0,445.0,97.0,858.0,80.0,475.0,1150.0,0.0,0.0
1698676352.798,10,-70,-1011,52.0,57.0,27.0,444.0,98.0,858.0,124.0,415.0,1144.0,0.0,0.0
1698676352.802,9,-69,-1012,55.0,56.0,33.0,443.0,98.0,858.0,102.0,453.0,1119.0,0.0,0.0
1698676352.835,9,-68,-1010,56.0,56.0,33.0,443.0,99.0,858.0,177.0,500.0,1228.0,0.0,0.0
1698676352.843,11,-69,-1013,74.0,64.0,50.0,442.0,99.0,858.0,98.0,463.0,1157.0,0.0,0.0
1698676352.858,10,-72,-1019,144.0,79.0,64.0,440.0,99.0,857.0,359.0,514.0,993.0,0.0,0.0
1698676352.881,8,-70,-1021,227.0,91.0,59.0,439.0,99.0,857.0,333.0,582.0,1083.0,0.0,0.0
1698676352.903,8,-67,-1016,259.0,71.0,84.0,438.0,98.0,858.0,445.0,485.0,1048.0,0.0,14.0
1698676352.919,-1,-58,-1008,227.0,39.0,64.0,437.0,99.0,857.0,212.0,554.0,1035.0,0.0,0.0
1698676352.941,0,-52,-997,125.0,7.0,15.0,436.0,100.0,857.0,306.0,543.0,1034.0,0.0,0.0
1698676352.963,5,-47,-992,-44.0,-9.0,32.0,434.0,101.0,858.0,518.0,637.0,920.0,0.0,0.0
1698676352.986,2,-45,-994,-254.0,-36.0,39.0,431.0,105.0,859.0,735.0,835.0,938.0,0.0,0.0
1698676353.0,2,-55,-1007,-278.0,-76.0,24.0,427.0,109.0,860.0,856.0,919.0,1030.0,0.0,0.0
1698676353.023,9,-61,-1016,-226.0,-95.0,25.0,424.0,114.0,861.0,1310.0,1288.0,1217.0,0.0,7.0
1698676353.038,13,-66,-1015,-133.0,-75.0,25.0,420.0,118.0,861.0,1450.0,1415.0,1386.0,0.0,0.0
1698676353.061,17,-69,-1016,-80.0,-45.0,23.0,417.0,120.0,863.0,1570.0,1438.0,1465.0,0.0,0.0
1698676353.083,18,-72,-1015,-52.0,-21.0,17.0,416.0,123.0,865.0,1683.0,1638.0,1510.0,0.0,14.0
1698676353.112,20,-74,-1015,-34.0,-6.0,14.0,415.0,125.0,867.0,1534.0,1658.0,1559.0,0.0,43.0
1698676353.121,22,-76,-1015,-24.0,7.0,14.0,414.0,127.0,868.0,1568.0,1729.0,1564.0,67.0,73.0
1698676353.143,23,-77,-1014,-18.0,18.0,9.0,415.0,127.0,867.0,1555.0,1740.0,1559.0,195.0,137.0
1698676353.159,24,-78,-1013,-18.0,20.0,7.0,415.0,127.0,868.0,1735.0,1748.0,1593.0,237.0,180.0
1698676353.188,23,-79,-1012,-18.0,22.0,8.0,415.0,127.0,870.0,1688.0,1744.0,1589.0,320.0,312.0
1698676353.203,24,-81,-1012,-14.0,24.0,6.0,416.0,126.0,869.0,1747.0,1736.0,1587.0,418.0,534.0
1698676353.218,24,-81,-1012,-9.0,32.0,5.0,417.0,126.0,870.0,1681.0,1670.0,1577.0,497.0,554.0
1698676353.241,25,-82,-1010,-2.0,40.0,2.0,418.0,126.0,869.0,1613.0,1623.0,1620.0,537.0,674.0
1698676353.263,25,-83,-1009,0.0,50.0,3.0,419.0,125.0,871.0,1577.0,1591.0,1641.0,637.0,735.0
1698676353.286,26,-83,-1009,2.0,57.0,1.0,420.0,124.0,871.0,1517.0,1581.0,1639.0,811.0,836.0
1698676353.3,25,-85,-1009,5.0,56.0,5.0,422.0,122.0,870.0,1470.0,1584.0,1649.0,776.0,863.0
1698676353.323,25,-85,-1010,11.0,58.0,8.0,423.0,121.0,870.0,1472.0,1611.0,1668.0,843.0,819.0
1698676353.338,25,-86,-1010,19.0,60.0,5.0,424.0,120.0,872.0,1488.0,1607.0,1659.0,826.0,839.0
1698676353.375,24,-86,-1010,21.0,64.0,7.0,426.0,119.0,873.0,1476.0,1584.0,1653.0,830.0,789.0
1698676353.391,23,-86,-1010,14.0,54.0,10.0,427.0,117.0,873.0,1496.0,1600.0,1666.0,828.0,789.0
1698676353.412,23,-85,-1010,-2.0,49.0,6.0,428.0,116.0,873.0,1485.0,1573.0,1649.0,877.0,883.0
1698676353.421,23,-86,-1010,-16.0,52.0,11.0,430.0,113.0,873.0,1482.0,1547.0,1655.0,907.0,1106.0
1698676353.443,23,-87,-1010,-17.0,53.0,13.0,432.0,112.0,872.0,1476.0,1482.0,1678.0,1050.0,1169.0
1698676353.458,22,-88,-1009,-11.0,54.0,12.0,433.0,110.0,873.0,1387.0,1330.0,1677.0,1107.0,1225.0
1698676353.48,22,-88,-1009,-10.0,54.0,13.0,435.0,109.0,873.0,1284.0,1380.0,1675.0,1113.0,1243.0
1698676353.503,22,-88,-1010,-10.0,56.0,15.0,436.0,108.0,874.0,1306.0,1248.0,1695.0,1127.0,1243.0
1698676353.518,21,-89,-1011,-13.0,50.0,19.0,437.0,107.0,873.0,1153.0,1190.0,1681.0,1076.0,1269.0
1698676353.541,21,-90,-1009,148.0,45.0,18.0,438.0,107.0,871.0,1105.0,959.0,1696.0,1123.0,1288.0
1698676353.563,20,-90,-1003,80.0,36.0,18.0,439.0,107.0,869.0,1016.0,928.0,1723.0,1169.0,1298.0
1698676353.586,20,-90,-1004,54.0,36.0,21.0,440.0,106.0,869.0,1042.0,773.0,1749.0,1249.0,1331.0
1698676353.6,19,-92,-1003,41.0,32.0,21.0,440.0,105.0,868.0,1009.0,719.0,1758.0,1272.0,1315.0
1698676353.623,19,-91,-1004,36.0,32.0,19.0,441.0,104.0,868.0,901.0,766.0,1803.0,1325.0,1344.0
1698676353.638,18,-91,-1005,31.0,36.0,19.0,442.0,103.0,866.0,893.0,885.0,1822.0,1342.0,1369.0
1698676353.661,18,-92,-1005,21.0,47.0,14.0,442.0,102.0,865.0,866.0,857.0,1822.0,1331.0,1348.0
1698676353.691,18,-92,-1005,11.0,55.0,15.0,443.0,102.0,864.0,927.0,908.0,1840.0,1354.0,1352.0
1698676353.698,18,-93,-1005,7.0,55.0,18.0,442.0,102.0,863.0,964.0,908.0,1849.0,1365.0,1399.0
1698676353.721,18,-92,-1006,8.0,54.0,19.0,442.0,103.0,864.0,1002.0,1145.0,1858.0,1406.0,1415.0
1698676353.743,18,-92,-1008,2.0,50.0,20.0,441.0,103.0,865.0,1066.0,1041.0,1886.0,1428.0,1431.0
1698676353.758,18,-93,-1009,6.0,48.0,21.0,440.0,104.0,864.0,1080.0,1043.0,1904.0,1417.0,1464.0
1698676353.781,17,-94,-1010,13.0,42.0,17.0,440.0,105.0,865.0,1086.0,1052.0,1950.0,1450.0,1481.0
1698676353.803,16,-94,-1010,20.0,28.0,12.0,441.0,106.0,865.0,1058.0,1029.0,1948.0,1491.0,1506.0
1698676353.818,17,-94,-1009,39.0,10.0,11.0,441.0,105.0,866.0,998.0,944.0,1958.0,1548.0,1520.0
1698676353.841,16,-95,-1011,57.0,-3.0,16.0,442.0,104.0,866.0,757.0,521.0,1926.0,1527.0,1483.0
1698676353.863,17,-95,-1013,79.0,-16.0,17.0,444.0,103.0,866.0,469.0,421.0,1922.0,1528.0,1525.0
1698676353.878,15,-93,-1017,110.0,-37.0,26.0,445.0,102.0,864.0,265.0,93.0,1950.0,1521.0,1535.0
1698676353.901,12,-92,-1030,130.0,-52.0,55.0,445.0,102.0,862.0,47.0,89.0,1941.0,1529.0,1548.0
1698676353.923,19,-86,-1089,-237.0,-95.0,19.0,447.0,100.0,861.0,133.0,5.0,1878.0,1437.0,1521.0
1698676353.946,18,-86,-1146,-675.0,-137.0,15.0,448.0,99.0,859.0,18.0,30.0,1755.0,1416.0,1475.0
1698676353.961,7,-90,-1221,-1207.0,-193.0,56.0,450.0,100.0,858.0,0.0,138.0,1551.0,1192.0,1270.0
1698676353.983,-28,-104,-1296,-1769.0,-229.0,156.0,451.0,103.0,857.0,0.0,70.0,1457.0,702.0,1068.0
1698676353.998,-55,-112,-1352,-2130.0,-219.0,345.0,452.0,109.0,857.0,0.0,74.0,1358.0,8.0,739.0
1698676354.036,-82,25,-1339,-2162.0,-343.0,485.0,453.0,114.0,858.0,0.0,187.0,972.0,0.0,56.0
1698676354.043,-160,214,-1316,-1300.0,-303.0,565.0,453.0,119.0,857.0,0.0,114.0,1035.0,0.0,13.0
1698676354.059,-228,343,-1211,-514.0,-3.0,596.0,454.0,122.0,859.0,0.0,210.0,1015.0,0.0,68.0
1698676354.081,-260,484,-1082,0.0,409.0,616.0,454.0,122.0,862.0,0.0,158.0,1056.0,0.0,0.0
1698676354.103,-248,613,-975,595.0,739.0,731.0,452.0,119.0,864.0,0.0,130.0,1094.0,0.0,5.0
1698676354.118,-209,693,-896,1104.0,851.0,848.0,450.0,115.0,867.0,0.0,217.0,1051.0,0.0,24.0
1698676354.14,-177,728,-860,1475.0,843.0,863.0,446.0,106.0,869.0,0.0,253.0,984.0,0.0,0.0
1698676354.163,-150,727,-874,1852.0,906.0,785.0,441.0,98.0,869.0,0.0,297.0,931.0,0.0,0.0
1698676354.178,-117,679,-926,2252.0,1029.0,615.0,435.0,89.0,866.0,0.0,299.0,896.0,0.0,0.0
1698676354.201,-80,573,-1007,2524.0,1083.0,369.0,429.0,78.0,861.0,0.0,47.0,945.0,0.0,0.0
1698676354.223,-48,438,-1095,2695.0,943.0,20.0,423.0,67.0,856.0,0.0,0.0,946.0,0.0,0.0
1698676354.238,-48,260,-1165,2687.0,698.0,-299.0,419.0,55.0,850.0,0.0,13.0,933.0,0.0,0.0
1698676354.26,-73,90,-1253,2476.0,878.0,-346.0,415.0,45.0,844.0,0.0,0.0,918.0,0.0,0.0
1698676354.283,-42,-57,-1278,2505.0,1212.0,-224.0,409.0,34.0,838.0,0.0,0.0,937.0,0.0,0.0
1698676354.298,15,-226,-1288,2384.0,1223.0,-176.0,403.0,22.0,829.0,0.0,0.0,949.0,0.0,0.0
1698676354.328,50,-381,-1254,1970.0,974.0,-149.0,398.0,11.0,822.0,0.0,0.0,959.0,0.0,0.0
1698676354.343,67,-506,-1199,1486.0,729.0,-46.0,394.0,1.0,815.0,0.0,0.0,959.0,0.0,0.0
1698676354.373,85,-596,-1138,881.0,510.0,106.0,389.0,-7.0,809.0,0.0,0.0,971.0,0.0,0.0
1698676354.381,106,-644,-1085,338.0,315.0,211.0,385.0,-14.0,805.0,0.0,0.0,995.0,0.0,0.0
1698676354.403,127,-668,-1054,-69.0,168.0,172.0,381.0,-19.0,800.0,0.0,0.0,996.0,0.0,0.0
1698676354.418,125,-676,-1032,-467.0,-3.0,29.0,378.0,-22.0,798.0,0.0,0.0,1008.0,0.0,0.0
1698676354.44,30,-392,-1074,-1254.0,-621.0,-240.0,376.0,-24.0,797.0,0.0,246.0,914.0,0.0,0.0
1698676354.463,0,-217,-999,-1625.0,-996.0,-382.0,374.0,-20.0,800.0,50.0,182.0,731.0,0.0,0.0
1698676354.478,15,-168,-987,-2021.0,-1431.0,-376.0,372.0,-12.0,803.0,206.0,461.0,831.0,0.0,0.0
1698676354.5,43,-125,-1021,-2228.0,-1560.0,-253.0,370.0,0.0,807.0,634.0,970.0,858.0,0.0,0.0
1698676354.523,45,-115,-1095,-2401.0,-1332.0,-156.0,369.0,12.0,809.0,1080.0,1284.0,922.0,0.0,0.0
1698676354.538,57,-124,-1178,-2237.0,-889.0,-221.0,363.0,32.0,813.0,1330.0,1532.0,1244.0,0.0,0.0
1698676354.56,61,-125,-1188,-1627.0,-496.0,-157.0,358.0,50.0,818.0,1558.0,1610.0,1161.0,0.0,0.0
1698676354.583,53,-119,-1157,-921.0,-269.0,-96.0,358.0,61.0,823.0,1644.0,1589.0,1393.0,0.0,0.0
1698676354.598,44,-113,-1128,-512.0,-110.0,-58.0,361.0,68.0,827.0,1632.0,1517.0,1543.0,0.0,0.0
1698676354.628,35,-107,-1107,-277.0,-34.0,-34.0,363.0,74.0,831.0,1591.0,1659.0,1600.0,0.0,1.0
1698676354.65,28,-102,-1088,-155.0,-34.0,-12.0,365.0,77.0,834.0,1558.0,1611.0,1597.0,263.0,59.0
1698676354.672,23,-96,-1070,-95.0,-67.0,-1.0,368.0,78.0,835.0,1502.0,1540.0,1631.0,586.0,248.0
1698676354.681,23,-91,-1058,-56.0,-82.0,4.0,371.0,79.0,837.0,1551.0,1506.0,1608.0,640.0,649.0
1698676354.703,21,-89,-1048,-36.0,-82.0,7.0,375.0,79.0,838.0,1603.0,1461.0,1607.0,820.0,937.0
1698676354.725,21,-86,-1041,-27.0,-64.0,6.0,378.0,78.0,839.0,1502.0,1413.0,1591.0,1097.0,1277.0
1698676354.741,19,-85,-1033,-9.0,-48.0,8.0,382.0,77.0,840.0,1503.0,1467.0,1614.0,1229.0,1378.0
1698676354.763,19,-84,-1024,13.0,-35.0,9.0,385.0,75.0,842.0,1366.0,1484.0,1633.0,1282.0,1493.0
1698676354.778,21,-83,-1022,41.0,1.0,8.0,386.0,73.0,843.0,1517.0,1700.0,1677.0,1347.0,1574.0
1698676354.801,22,-82,-1021,33.0,46.0,3.0,388.0,72.0,845.0,1615.0,1793.0,1769.0,1416.0,1633.0
1698676354.823,21,-82,-1019,15.0,74.0,3.0,391.0,71.0,845.0,1659.0,1701.0,1796.0,1489.0,1690.0
1698676354.838,22,-82,-1015,3.0,97.0,3.0,393.0,70.0,846.0,1630.0,1648.0,1807.0,1481.0,1797.0
1698676354.86,21,-82,-1013,-12.0,121.0,1.0,394.0,70.0,846.0,1642.0,1670.0,1826.0,1471.0,1793.0
1698676354.883,22,-83,-1012,-19.0,168.0,-2.0,394.0,70.0,847.0,1717.0,1748.0,1874.0,1517.0,1648.0
1698676354.906,21,-82,-1009,-24.0,221.0,-6.0,392.0,72.0,848.0,1687.0,1737.0,1894.0,1486.0,1465.0
1698676354.928,19,-83,-1011,-28.0,257.0,-11.0,391.0,74.0,849.0,1653.0,1762.0,1920.0,1423.0,1095.0
1698676354.951,3,-83,-1011,-24.0,266.0,-12.0,389.0,77.0,847.0,1690.0,1784.0,1921.0,1394.0,904.0
1698676354.966,2,-84,-1012,-3.0,236.0,-10.0,385.0,82.0,848.0,1682.0,1806.0,1969.0,1302.0,796.0
1698676354.981,0,-84,-1009,20.0,176.0,-3.0,380.0,85.0,849.0,1639.0,1823.0,2003.0,1139.0,753.0
1698676355.011,-3,-84,-1008,50.0,103.0,4.0,376.0,89.0,849.0,1666.0,1907.0,2018.0,1168.0,700.0
1698676355.018,-4,-84,-1007,75.0,23.0,16.0,374.0,91.0,850.0,1713.0,1943.0,2032.0,1156.0,755.0
1698676355.041,-3,-84,-1008,89.0,-38.0,24.0,372.0,92.0,848.0,1741.0,1945.0,2008.0,1168.0,803.0
1698676355.063,0,-83,-1010,58.0,-50.0,27.0,374.0,92.0,845.0,1816.0,2004.0,2001.0,1240.0,962.0
1698676355.078,1,-83,-1010,23.0,-43.0,23.0,375.0,91.0,842.0,1815.0,1981.0,2004.0,1262.0,1123.0
1698676355.101,3,-83,-1012,0.0,-19.0,17.0,378.0,94.0,839.0,1835.0,2001.0,2005.0,1360.0,1187.0
1698676355.123,4,-84,-1012,-13.0,-9.0,15.0,380.0,98.0,838.0,1848.0,1973.0,2015.0,1427.0,1193.0
1698676355.153,5,-84,-1011,-22.0,0.0,13.0,379.0,101.0,842.0,1875.0,1989.0,2038.0,1462.0,1247.0
1698676355.16,5,-85,-1010,-28.0,10.0,15.0,377.0,101.0,845.0,1856.0,1998.0,2045.0,1569.0,1276.0
1698676355.183,5,-85,-1010,-37.0,18.0,14.0,374.0,101.0,847.0,1834.0,2024.0,2086.0,1526.0,1330.0
1698676355.198,6,-87,-1010,-48.0,20.0,20.0,374.0,100.0,850.0,1786.0,1996.0,2081.0,1526.0,1356.0
1698676355.22,7,-87,-1010,-60.0,15.0,24.0,374.0,98.0,851.0,1684.0,1948.0,2076.0,1547.0,1357.0
1698676355.243,7,-88,-1010,-63.0,4.0,27.0,375.0,96.0,852.0,1641.0,1756.0,2116.0,1635.0,1437.0
1698676355.258,7,-90,-1010,-55.0,-10.0,35.0,376.0,94.0,851.0,1548.0,1678.0,2114.0,1648.0,1491.0
1698676355.28,7,-91,-1008,-46.0,-31.0,40.0,377.0,91.0,850.0,1446.0,1532.0,2130.0,1755.0,1596.0
1698676355.311,9,-92,-1009,-38.0,-48.0,43.0,380.0,89.0,850.0,1352.0,1398.0,2116.0,1773.0,1599.0
1698676355.333,11,-93,-1011,-37.0,-58.0,46.0,381.0,86.0,848.0,1310.0,1154.0,2137.0,1820.0,1649.0
1698676355.34,14,-94,-1010,-22.0,-52.0,40.0,383.0,85.0,847.0,1162.0,953.0,2153.0,1866.0,1727.0
1698676355.37,17,-96,-1011,17.0,-38.0,37.0,385.0,81.0,845.0,593.0,753.0,2186.0,1941.0,1796.0
1698676355.386,13,-96,-1014,62.0,-14.0,44.0,388.0,79.0,845.0,337.0,516.0,2197.0,1966.0,1805.0
1698676355.401,-2,-97,-1033,101.0,75.0,84.0,390.0,77.0,843.0,3.0,426.0,2216.0,2002.0,1871.0
1698676355.438,8,-92,-1082,-208.0,203.0,81.0,391.0,75.0,841.0,1.0,82.0,2234.0,2024.0,1888.0
1698676355.442,10,-95,-1097,-529.0,149.0,35.0,393.0,74.0,839.0,0.0,64.0,2228.0,2062.0,1894.0
1698676355.461,15,-99,-1109,-864.0,90.0,-11.0,394.0,74.0,840.0,5.0,141.0,2227.0,2068.0,1940.0
1698676355.483,15,-106,-1134,-1189.0,39.0,-55.0,395.0,75.0,840.0,0.0,134.0,2226.0,2138.0,1914.0
1698676355.505,12,-116,-1166,-1554.0,-21.0,-86.0,396.0,77.0,839.0,0.0,179.0,2207.0,2065.0,1922.0
1698676355.535,8,-132,-1189,-1932.0,-93.0,-100.0,397.0,81.0,840.0,0.0,201.0,2172.0,1980.0,1909.0
1698676355.573,3,-152,-1202,-2279.0,-196.0,-96.0,398.0,87.0,841.0,0.0,4.0,2121.0,1925.0,1870.0
1698676355.577,1,-176,-1199,-2627.0,-281.0,-82.0,400.0,95.0,843.0,0.0,0.0,2045.0,1836.0,1843.0
1698676355.58,5,-211,-1192,-2908.0,-313.0,-64.0,402.0,104.0,844.0,0.0,0.0,1972.0,1635.0,1766.0
1698676355.611,12,-245,-1186,-3087.0,-280.0,-56.0,404.0,115.0,845.0,0.0,0.0,1847.0,1443.0,1686.0
1698676355.618,28,-291,-1186,-3172.0,-196.0,-72.0,406.0,126.0,847.0,0.0,0.0,1760.0,1103.0,1457.0
1698676355.64,38,-336,-1187,-3264.0,-103.0,-103.0,407.0,140.0,848.0,0.0,0.0,1650.0,968.0,1321.0
1698676355.663,39,-388,-1213,-3389.0,-85.0,-123.0,408.0,158.0,848.0,0.0,0.0,1620.0,531.0,1276.0
1698676355.678,27,-440,-1241,-3542.0,-82.0,-123.0,409.0,174.0,848.0,0.0,0.0,1588.0,163.0,1290.0
1698676355.708,2,-488,-1259,-3616.0,-2.0,-72.0,410.0,192.0,846.0,0.0,0.0,1499.0,91.0,1130.0
1698676355.73,-26,-508,-1290,-3660.0,181.0,50.0,410.0,212.0,841.0,0.0,0.0,1382.0,1.0,897.0
1698676355.746,-65,-483,-1256,-3554.0,586.0,256.0,408.0,231.0,836.0,0.0,0.0,1128.0,0.0,383.0
1698676355.761,-73,-416,-1151,-3253.0,1088.0,533.0,405.0,250.0,830.0,0.0,0.0,819.0,0.0,3.0
1698676355.783,-46,-356,-1123,-2762.0,999.0,195.0,402.0,268.0,826.0,0.0,0.0,748.0,0.0,0.0
1698676355.805,-85,-176,-1024,-1196.0,568.0,-479.0,398.0,284.0,821.0,0.0,0.0,759.0,0.0,0.0
1698676355.821,-141,-91,-971,12.0,266.0,-397.0,394.0,298.0,818.0,0.0,0.0,791.0,0.0,0.0
1698676355.843,-171,-21,-918,655.0,120.0,167.0,390.0,307.0,816.0,0.0,0.0,827.0,0.0,0.0
1698676355.866,-164,83,-851,1448.0,-67.0,1019.0,387.0,312.0,815.0,0.0,0.0,864.0,0.0,0.0
1698676355.881,-153,166,-830,2511.0,-238.0,1605.0,386.0,313.0,815.0,0.0,0.0,816.0,0.0,0.0
1698676355.911,-135,207,-831,3489.0,-336.0,1830.0,387.0,307.0,820.0,0.0,0.0,804.0,0.0,0.0
1698676355.918,-121,203,-855,4099.0,-514.0,1746.0,389.0,293.0,824.0,0.0,0.0,800.0,0.0,0.0
1698676355.941,-156,179,-883,4436.0,-531.0,1495.0,390.0,279.0,826.0,0.0,0.0,821.0,0.0,0.0
1698676355.971,-207,133,-932,4553.0,-101.0,1322.0,393.0,262.0,828.0,0.0,0.0,808.0,0.0,0.0
1698676355.978,-228,73,-1004,4510.0,505.0,1219.0,394.0,246.0,828.0,0.0,0.0,741.0,0.0,0.0
1698676356.001,-223,16,-1096,4450.0,998.0,988.0,398.0,229.0,832.0,0.0,0.0,778.0,0.0,0.0
1698676356.023,-214,-48,-1209,4444.0,1361.0,613.0,405.0,203.0,839.0,0.0,0.0,796.0,0.0,0.0
1698676356.038,-213,-138,-1326,4372.0,1602.0,164.0,408.0,176.0,842.0,0.0,0.0,791.0,0.0,0.0
1698676356.061,-218,-220,-1439,4178.0,1793.0,-223.0,405.0,149.0,841.0,0.0,0.0,834.0,0.0,0.0
1698676356.083,-207,-301,-1529,4044.0,2072.0,-437.0,402.0,128.0,841.0,0.0,0.0,858.0,0.0,0.0
1698676356.106,-142,-390,-1603,3912.0,2150.0,-572.0,397.0,108.0,837.0,0.0,0.0,818.0,0.0,0.0
1698676356.121,-86,-479,-1648,3782.0,2005.0,-710.0,393.0,90.0,834.0,0.0,0.0,806.0,0.0,0.0
1698676356.143,-36,-568,-1665,3561.0,1990.0,-793.0,389.0,73.0,829.0,0.0,0.0,802.0,0.0,0.0
1698676356.158,85,-650,-1656,3200.0,2159.0,-763.0,385.0,56.0,825.0,0.0,0.0,795.0,0.0,0.0
1698676356.18,235,-737,-1589,2755.0,1733.0,-807.0,382.0,40.0,822.0,0.0,0.0,813.0,0.0,0.0
1698676356.203,289,-817,-1490,2267.0,926.0,-894.0,379.0,26.0,819.0,0.0,0.0,829.0,0.0,0.0
1698676356.226,264,-875,-1392,1653.0,441.0,-807.0,378.0,11.0,816.0,0.0,0.0,825.0,0.0,0.0
1698676356.248,236,-874,-1297,1075.0,415.0,-545.0,378.0,1.0,814.0,0.0,0.0,820.0,0.0,0.0
1698676356.263,248,-839,-1218,671.0,479.0,-340.0,379.0,-7.0,812.0,0.0,0.0,831.0,0.0,0.0
1698676356.278,258,-788,-1156,273.0,311.0,-270.0,378.0,-15.0,811.0,0.0,0.0,834.0,0.0,0.0
1698676356.301,255,-720,-1106,-83.0,133.0,-238.0,379.0,-21.0,812.0,0.0,0.0,855.0,0.0,0.0
1698676356.345,261,-666,-1075,-361.0,-63.0,-216.0,380.0,-25.0,814.0,0.0,0.0,864.0,0.0,0.0
1698676356.348,264,-625,-1088,-679.0,-392.0,-203.0,381.0,-27.0,816.0,0.0,0.0,904.0,0.0,0.0
1698676356.36,121,-194,-1018,-1454.0,-747.0,-125.0,383.0,-26.0,820.0,0.0,0.0,905.0,0.0,0.0
1698676356.384,40,-140,-959,-1945.0,-1492.0,-125.0,384.0,-21.0,823.0,7.0,206.0,757.0,0.0,0.0
1698676356.398,-4,-99,-1009,-2310.0,-1709.0,-409.0,386.0,-12.0,828.0,116.0,287.0,873.0,0.0,0.0
1698676356.421,12,-74,-1043,-2342.0,-1489.0,-721.0,389.0,3.0,833.0,328.0,544.0,809.0,0.0,0.0
1698676356.443,56,-54,-1081,-2370.0,-1061.0,-835.0,390.0,17.0,839.0,1104.0,735.0,871.0,0.0,0.0
1698676356.458,108,-49,-1123,-2315.0,-665.0,-582.0,391.0,35.0,843.0,1010.0,1029.0,936.0,0.0,0.0
1698676356.481,99,-60,-1166,-2126.0,-324.0,-216.0,391.0,53.0,848.0,1486.0,1460.0,1042.0,0.0,0.0
1698676356.503,72,-69,-1163,-1616.0,-99.0,-148.0,389.0,70.0,853.0,1572.0,1646.0,1156.0,0.0,0.0
1698676356.526,59,-82,-1148,-1096.0,-74.0,-95.0,389.0,85.0,858.0,1537.0,1517.0,1276.0,0.0,0.0
1698676356.548,51,-84,-1125,-632.0,-46.0,-71.0,390.0,95.0,862.0,1465.0,1442.0,1514.0,0.0,34.0
1698676356.571,40,-84,-1107,-352.0,-31.0,-45.0,393.0,101.0,865.0,1348.0,1569.0,1595.0,88.0,8.0
1698676356.594,35,-82,-1087,-193.0,-41.0,-30.0,397.0,106.0,868.0,1447.0,1522.0,1591.0,640.0,275.0
1698676356.601,35,-79,-1070,-106.0,-33.0,-13.0,400.0,109.0,870.0,1530.0,1798.0,1624.0,872.0,671.0
1698676356.623,34,-76,-1060,-66.0,24.0,-7.0,403.0,110.0,874.0,1514.0,1746.0,1657.0,1037.0,915.0
1698676356.645,32,-77,-1051,-69.0,98.0,-10.0,406.0,111.0,877.0,1424.0,1575.0,1702.0,1061.0,997.0
1698676356.66,28,-77,-1043,-106.0,165.0,-18.0,409.0,112.0,880.0,1399.0,1640.0,1795.0,1220.0,1049.0
1698676356.683,23,-80,-1035,-117.0,199.0,-19.0,411.0,114.0,881.0,1383.0,1690.0,1901.0,1275.0,986.0
1698676356.713,18,-81,-1028,-99.0,209.0,-15.0,412.0,115.0,882.0,1323.0,1561.0,1955.0,1311.0,864.0
1698676356.721,14,-82,-1024,-80.0,211.0,-12.0,411.0,117.0,882.0,1220.0,1755.0,2008.0,1341.0,803.0
1698676356.743,10,-83,-1022,-59.0,210.0,-13.0,410.0,119.0,882.0,1302.0,1792.0,2020.0,1302.0,716.0
1698676356.765,3,-85,-1017,-33.0,171.0,-9.0,408.0,122.0,883.0,1508.0,1772.0,2084.0,1284.0,627.0
1698676356.78,-1,-84,-1014,-9.0,95.0,0.0,406.0,124.0,883.0,1206.0,1859.0,2092.0,1289.0,738.0
1698676356.803,-4,-85,-1012,5.0,0.0,14.0,405.0,126.0,883.0,1320.0,2024.0,2111.0,1460.0,903.0
1698676356.825,-4,-85,-1011,29.0,-55.0,28.0,404.0,128.0,884.0,1450.0,2017.0,2109.0,1543.0,1036.0
1698676356.841,-1,-86,-1012,45.0,-55.0,26.0,403.0,129.0,885.0,1475.0,2039.0,2079.0,1581.0,1185.0
1698676356.863,0,-86,-1012,47.0,-37.0,26.0,402.0,130.0,885.0,1507.0,2035.0,2083.0,1601.0,1242.0
1698676356.893,1,-87,-1013,20.0,-13.0,22.0,403.0,130.0,884.0,1516.0,2012.0,2093.0,1639.0,1276.0
1698676356.901,1,-87,-1013,0.0,-4.0,18.0,403.0,130.0,884.0,1538.0,2093.0,2106.0,1668.0,1339.0
1698676356.923,1,-88,-1011,0.0,-10.0,20.0,404.0,130.0,883.0,1550.0,2018.0,2096.0,1684.0,1389.0
1698676356.945,1,-88,-1009,11.0,-28.0,24.0,406.0,128.0,881.0,1602.0,2012.0,2105.0,1690.0,1448.0
1698676356.96,1,-88,-1009,30.0,-60.0,34.0,409.0,125.0,879.0,1626.0,2043.0,2117.0,1716.0,1500.0
1698676356.998,2,-88,-1008,52.0,-72.0,37.0,414.0,123.0,874.0,1550.0,1934.0,2101.0,1698.0,1541.0
1698676357.005,5,-88,-1009,62.0,-63.0,35.0,418.0,122.0,869.0,1590.0,2029.0,2102.0,1699.0,1595.0
1698676357.02,9,-87,-1011,32.0,-41.0,26.0,421.0,128.0,867.0,1637.0,2079.0,2117.0,1735.0,1724.0
1698676357.043,10,-86,-1011,0.0,-7.0,20.0,421.0,133.0,870.0,1719.0,2060.0,2112.0,1762.0,1767.0
1698676357.065,12,-87,-1012,-22.0,31.0,13.0,418.0,133.0,873.0,1689.0,1990.0,2127.0,1780.0,1782.0
1698676357.08,11,-88,-1012,-30.0,45.0,13.0,417.0,130.0,875.0,1507.0,2003.0,2140.0,1814.0,1792.0
1698676357.104,10,-87,-1012,-29.0,41.0,17.0,416.0,127.0,876.0,1374.0,1764.0,2124.0,1814.0,1806.0
1698676357.125,10,-88,-1012,-25.0,19.0,25.0,416.0,126.0,876.0,1249.0,1547.0,2080.0,1764.0,1764.0
1698676357.141,10,-88,-1013,-13.0,4.0,32.0,415.0,125.0,876.0,1200.0,1431.0,2084.0,1800.0,1780.0
1698676357.171,12,-90,-1009,2.0,-3.0,33.0,417.0,124.0,877.0,1184.0,1525.0,2078.0,1812.0,1797.0
1698676357.185,12,-90,-1010,10.0,-1.0,32.0,418.0,122.0,876.0,1119.0,1385.0,2092.0,1839.0,1828.0
1698676357.2,13,-90,-1009,12.0,0.0,29.0,420.0,122.0,875.0,1155.0,1455.0,2091.0,1888.0,1854.0
1698676357.23,14,-90,-1010,-2.0,0.0,28.0,421.0,120.0,874.0,1099.0,1191.0,2105.0,1866.0,1839.0
1698676357.245,15,-91,-1011,-15.0,8.0,32.0,422.0,119.0,874.0,1006.0,1036.0,2092.0,1912.0,1871.0
1698676357.268,16,-92,-1012,-16.0,7.0,29.0,424.0,118.0,873.0,818.0,880.0,2133.0,1919.0,1919.0
1698676357.284,10,-93,-1017,0.0,-11.0,30.0,425.0,116.0,873.0,1109.0,752.0,2126.0,1943.0,1900.0
1698676357.305,9,-93,-1018,31.0,-44.0,33.0,426.0,114.0,872.0,602.0,534.0,2208.0,1972.0,1989.0
1698676357.321,10,-93,-1018,49.0,-90.0,47.0,428.0,113.0,872.0,494.0,315.0,2219.0,2011.0,2035.0
1698676357.343,-1,-92,-1025,66.0,-111.0,86.0,429.0,111.0,869.0,166.0,103.0,2257.0,2085.0,2115.0
1698676357.366,8,-94,-1088,39.0,51.0,230.0,430.0,111.0,870.0,35.0,15.0,2233.0,2110.0,2093.0
1698676357.381,19,-92,-1096,-482.0,18.0,126.0,430.0,110.0,868.0,0.0,120.0,2250.0,2101.0,2131.0
1698676357.403,33,-93,-1113,-875.0,-18.0,24.0,432.0,110.0,866.0,0.0,0.0,2238.0,2112.0,2137.0
1698676357.425,37,-98,-1126,-1230.0,-50.0,-57.0,433.0,110.0,865.0,2.0,0.0,2213.0,2103.0,2122.0
1698676357.44,35,-108,-1136,-1595.0,-61.0,-108.0,435.0,114.0,865.0,0.0,0.0,2198.0,2072.0,2105.0
1698676357.463,38,-120,-1151,-1927.0,-91.0,-135.0,436.0,118.0,865.0,0.0,0.0,2180.0,2133.0,2105.0
1698676357.486,40,-140,-1157,-2223.0,-104.0,-163.0,437.0,125.0,864.0,0.0,0.0,2135.0,2016.0,2076.0
1698676357.508,46,-164,-1177,-2564.0,-85.0,-194.0,437.0,131.0,865.0,0.0,0.0,2050.0,1917.0,2027.0
1698676357.523,43,-196,-1177,-2852.0,-98.0,-213.0,437.0,140.0,867.0,0.0,0.0,2002.0,1733.0,1896.0
1698676357.546,34,-235,-1165,-3080.0,-128.0,-209.0,438.0,154.0,867.0,0.0,0.0,1891.0,1483.0,1740.0
1698676357.561,25,-277,-1151,-3240.0,-87.0,-180.0,438.0,165.0,867.0,0.0,0.0,1895.0,1362.0,1771.0
1698676357.583,46,-323,-1143,-3364.0,2.0,-193.0,438.0,180.0,865.0,0.0,0.0,1853.0,1215.0,1524.0
1698676357.606,62,-385,-1185,-3463.0,68.0,-257.0,438.0,194.0,864.0,0.0,0.0,1719.0,913.0,1387.0
1698676357.628,64,-445,-1209,-3567.0,175.0,-313.0,436.0,211.0,860.0,0.0,0.0,1653.0,807.0,1313.0
1698676357.666,41,-506,-1238,-3659.0,340.0,-322.0,432.0,231.0,854.0,0.0,0.0,1584.0,366.0,1284.0
1698676357.688,3,-548,-1280,-3730.0,614.0,-224.0,429.0,248.0,849.0,0.0,0.0,1472.0,265.0,1148.0
1698676357.692,-41,-560,-1308,-3734.0,912.0,-38.0,425.0,268.0,843.0,0.0,0.0,1307.0,3.0,833.0
1698676357.703,-102,-502,-1279,-3531.0,1259.0,328.0,419.0,286.0,837.0,0.0,0.0,1043.0,0.0,95.0
1698676357.726,-135,-381,-1104,-3161.0,1477.0,686.0,413.0,304.0,829.0,0.0,0.0,707.0,0.0,0.0
1698676357.74,-132,-234,-1098,-1852.0,1255.0,329.0,407.0,321.0,823.0,0.0,0.0,754.0,0.0,0.0
1698676357.763,-150,-150,-1032,-453.0,798.0,54.0,401.0,334.0,818.0,0.0,0.0,744.0,0.0,0.0
1698676357.793,-161,-105,-971,391.0,83.0,401.0,396.0,343.0,816.0,0.0,0.0,777.0,0.0,0.0
1698676357.801,-163,-50,-898,949.0,-227.0,1061.0,392.0,348.0,815.0,0.0,0.0,774.0,0.0,0.0
1698676357.83,-158,34,-825,1695.0,-271.0,1485.0,390.0,349.0,816.0,0.0,0.0,818.0,0.0,0.0
1698676357.853,-135,94,-790,2677.0,-246.0,1432.0,391.0,343.0,822.0,0.0,0.0,828.0,0.0,0.0
1698676357.861,-113,121,-769,3500.0,-356.0,976.0,392.0,335.0,826.0,0.0,0.0,829.0,0.0,0.0
1698676357.883,-122,113,-770,4093.0,-563.0,454.0,394.0,321.0,832.0,0.0,0.0,849.0,0.0,0.0
1698676357.913,-160,88,-785,4417.0,-599.0,206.0,396.0,306.0,837.0,0.0,0.0,933.0,0.0,0.0
1698676357.92,-207,54,-832,4517.0,-234.0,304.0,398.0,287.0,842.0,0.0,0.0,900.0,0.0,0.0
1698676357.951,-208,33,-895,4608.0,427.0,430.0,402.0,268.0,844.0,0.0,0.0,902.0,0.0,0.0
1698676357.973,-175,-23,-982,4734.0,818.0,343.0,405.0,251.0,848.0,0.0,0.0,895.0,0.0,0.0
1698676357.981,-165,-125,-1096,4536.0,993.0,94.0,412.0,228.0,858.0,0.0,0.0,936.0,0.0,0.0
1698676358.003,-165,-213,-1211,4278.0,1216.0,-77.0,418.0,202.0,866.0,0.0,0.0,952.0,0.0,0.0
1698676358.025,-164,-304,-1343,4168.0,1385.0,-28.0,418.0,174.0,869.0,0.0,0.0,977.0,0.0,0.0
1698676358.041,-158,-409,-1454,4087.0,1500.0,96.0,414.0,147.0,869.0,0.0,0.0,997.0,0.0,0.0
1698676358.063,-135,-493,-1531,3931.0,1589.0,94.0,410.0,122.0,867.0,0.0,0.0,997.0,0.0,0.0
1698676358.086,-91,-547,-1571,3740.0,1619.0,-108.0,402.0,98.0,862.0,0.0,0.0,980.0,0.0,0.0
1698676358.108,-40,-577,-1577,3454.0,1538.0,-324.0,394.0,78.0,856.0,0.0,0.0,954.0,0.0,0.0
1698676358.123,34,-562,-1578,3176.0,1539.0,-255.0,386.0,58.0,848.0,0.0,0.0,884.0,0.0,0.0
1698676358.145,136,-544,-1558,3001.0,1311.0,-37.0,377.0,39.0,839.0,0.0,0.0,930.0,0.0,0.0
1698676358.16,179,-581,-1508,2768.0,786.0,77.0,370.0,23.0,831.0,0.0,0.0,887.0,0.0,0.0
1698676358.183,148,-642,-1434,2301.0,423.0,152.0,362.0,8.0,821.0,0.0,0.0,876.0,0.0,0.0
1698676358.213,106,-682,-1350,1732.0,475.0,243.0,355.0,-3.0,810.0,0.0,0.0,909.0,0.0,0.0
1698676358.235,124,-686,-1262,1159.0,676.0,266.0,348.0,-14.0,800.0,0.0,0.0,848.0,0.0,0.0
1698676358.243,190,-663,-1187,676.0,600.0,109.0,341.0,-24.0,792.0,0.0,0.0,847.0,0.0,0.0
1698676358.266,245,-626,-1135,305.0,226.0,-251.0,336.0,-31.0,785.0,0.0,0.0,863.0,0.0,0.0
1698676358.281,236,-584,-1091,-3.0,-213.0,-674.0,332.0,-36.0,780.0,0.0,0.0,873.0,0.0,0.0
1698676358.303,183,-531,-1057,-336.0,-380.0,-1006.0,331.0,-39.0,777.0,0.0,0.0,894.0,0.0,0.0
1698676358.325,142,-457,-1029,-562.0,-306.0,-1180.0,330.0,-42.0,774.0,0.0,0.0,852.0,0.0,0.0
1698676358.341,126,-365,-1007,-612.0,-177.0,-1225.0,331.0,-42.0,772.0,0.0,0.0,865.0,0.0,0.0
1698676358.363,116,-298,-1002,-684.0,-219.0,-1196.0,332.0,-41.0,771.0,0.0,0.0,873.0,0.0,0.0
1698676358.386,66,-219,-992,-665.0,-342.0,-1019.0,335.0,-40.0,771.0,0.0,0.0,871.0,0.0,0.0
1698676358.401,-91,254,-1506,-978.0,-587.0,-631.0,338.0,-37.0,772.0,0.0,0.0,898.0,0.0,0.0
1698676358.423,-117,337,-1329,-1278.0,-871.0,-374.0,339.0,-34.0,774.0,0.0,43.0,679.0,0.0,0.0
1698676358.445,-98,266,-1284,-1872.0,-1151.0,-377.0,340.0,-25.0,778.0,27.0,322.0,693.0,0.0,0.0
1698676358.461,-60,228,-1265,-1949.0,-927.0,-497.0,340.0,-16.0,782.0,188.0,758.0,759.0,0.0,0.0
1698676358.49,-30,203,-1239,-2029.0,-742.0,-499.0,340.0,-2.0,787.0,523.0,995.0,804.0,0.0,0.0
1698676358.521,-9,169,-1223,-1959.0,-488.0,-456.0,339.0,10.0,793.0,663.0,765.0,771.0,0.0,0.0
1698676358.524,15,144,-1202,-1860.0,-355.0,-311.0,340.0,22.0,799.0,902.0,891.0,932.0,0.0,0.0
1698676358.543,15,112,-1192,-1812.0,-248.0,-142.0,339.0,35.0,806.0,1326.0,1066.0,1003.0,0.0,0.0
1698676358.573,13,78,-1197,-1631.0,-127.0,-85.0,337.0,48.0,814.0,1382.0,1316.0,1083.0,0.0,0.0
1698676358.58,13,47,-1182,-1265.0,-39.0,-76.0,334.0,63.0,821.0,1483.0,1527.0,1156.0,0.0,0.0
1698676358.603,11,14,-1165,-869.0,-43.0,-56.0,332.0,74.0,828.0,1545.0,1582.0,1326.0,0.0,0.0
1698676358.641,13,-3,-1139,-520.0,-55.0,-44.0,333.0,83.0,834.0,1505.0,1559.0,1477.0,0.0,0.0
1698676358.655,11,-16,-1115,-300.0,-53.0,-24.0,336.0,86.0,838.0,1439.0,1633.0,1623.0,5.0,136.0
1698676358.663,11,-27,-1092,-169.0,-66.0,-9.0,339.0,87.0,842.0,1492.0,1602.0,1634.0,367.0,547.0
1698676358.686,11,-36,-1078,-96.0,-64.0,4.0,343.0,87.0,845.0,1516.0,1900.0,1664.0,742.0,940.0
1698676358.701,14,-46,-1068,-63.0,-70.0,14.0,347.0,87.0,848.0,1658.0,1733.0,1672.0,1077.0,1225.0
1698676358.723,18,-47,-1063,-54.0,-56.0,20.0,351.0,86.0,850.0,1648.0,1994.0,1757.0,1270.0,1389.0
1698676358.746,17,-52,-1054,-51.0,-47.0,18.0,353.0,85.0,852.0,1636.0,1771.0,1734.0,1401.0,1454.0
1698676358.783,16,-57,-1046,-42.0,-62.0,20.0,356.0,84.0,853.0,1713.0,1726.0,1720.0,1379.0,1522.0
1698676358.787,17,-62,-1038,-20.0,-74.0,26.0,359.0,83.0,854.0,1490.0,1680.0,1717.0,1442.0,1533.0
1698676358.806,20,-64,-1031,-1.0,-58.0,27.0,362.0,82.0,854.0,1502.0,1747.0,1762.0,1492.0,1647.0
1698676358.835,23,-67,-1025,10.0,-31.0,28.0,364.0,80.0,854.0,1676.0,1861.0,1762.0,1493.0,1744.0
1698676358.85,25,-70,-1021,10.0,13.0,21.0,364.0,79.0,853.0,1730.0,1891.0,1787.0,1520.0,1800.0
1698676358.872,26,-70,-1020,-16.0,54.0,18.0,365.0,78.0,854.0,1724.0,1869.0,1783.0,1518.0,1754.0
1698676358.888,25,-71,-1017,-43.0,77.0,15.0,366.0,78.0,854.0,1727.0,1759.0,1816.0,1523.0,1733.0
1698676358.911,23,-73,-1016,-54.0,70.0,19.0,367.0,77.0,854.0,1698.0,1775.0,1845.0,1559.0,1739.0
1698676358.941,22,-75,-1014,-53.0,41.0,35.0,367.0,77.0,854.0,1511.0,1576.0,1894.0,1616.0,1764.0
1698676358.944,21,-77,-1013,-56.0,15.0,41.0,367.0,77.0,854.0,1457.0,1702.0,1939.0,1639.0,1798.0
1698676358.963,23,-78,-1012,-48.0,5.0,47.0,367.0,78.0,853.0,1276.0,1583.0,1950.0,1667.0,1784.0
1698676358.986,24,-78,-1011,-45.0,15.0,50.0,366.0,79.0,853.0,1247.0,1404.0,1948.0,1686.0,1755.0
1698676359.001,27,-80,-1019,-42.0,42.0,45.0,367.0,80.0,852.0,1376.0,1358.0,2017.0,1675.0,1751.0
1698676359.023,29,-82,-1014,-40.0,90.0,35.0,366.0,81.0,850.0,1641.0,1425.0,2066.0,1737.0,1761.0
1698676359.046,29,-83,-1013,-43.0,138.0,24.0,365.0,82.0,849.0,1514.0,1536.0,2102.0,1793.0,1700.0
1698676359.06,28,-86,-1011,131.0,172.0,13.0,364.0,84.0,849.0,1502.0,1578.0,2103.0,1794.0,1521.0
1698676359.083,25,-87,-1011,71.0,187.0,4.0,364.0,85.0,849.0,1520.0,1658.0,2158.0,1804.0,1393.0
1698676359.113,21,-89,-1012,52.0,152.0,2.0,363.0,87.0,849.0,1552.0,1628.0,2164.0,1818.0,1377.0
1698676359.121,18,-89,-1011,41.0,88.0,4.0,362.0,87.0,850.0,1641.0,1684.0,2191.0,1838.0,1399.0
1698676359.143,17,-90,-1011,32.0,35.0,6.0,363.0,88.0,850.0,1673.0,1721.0,2192.0,1854.0,1450.0
1698676359.166,18,-91,-1010,33.0,12.0,6.0,365.0,88.0,849.0,1646.0,1716.0,2209.0,1862.0,1467.0
1698676359.181,18,-91,-1009,34.0,8.0,5.0,369.0,89.0,848.0,1624.0,1692.0,2194.0,1871.0,1511.0
1698676359.211,19,-92,-1008,37.0,22.0,8.0,372.0,91.0,848.0,1637.0,1678.0,2188.0,1877.0,1580.0
1698676359.233,19,-91,-1008,40.0,35.0,5.0,373.0,96.0,851.0,1682.0,1705.0,2200.0,1891.0,1580.0
1698676359.241,20,-91,-1008,39.0,47.0,7.0,371.0,102.0,854.0,1703.0,1664.0,2201.0,1891.0,1574.0
1698676359.263,19,-90,-1008,37.0,53.0,3.0,365.0,105.0,855.0,1728.0,1689.0,2204.0,1903.0,1607.0
1698676359.285,19,-90,-1009,36.0,58.0,3.0,359.0,107.0,858.0,1704.0,1782.0,2197.0,1897.0,1615.0
1698676359.315,17,-90,-1008,39.0,54.0,3.0,355.0,105.0,859.0,1754.0,1739.0,2215.0,1921.0,1665.0
1698676359.323,17,-90,-1008,40.0,49.0,6.0,352.0,103.0,860.0,1713.0,1779.0,2209.0,1920.0,1658.0
1698676359.346,17,-89,-1008,41.0,49.0,8.0,350.0,100.0,860.0,1758.0,1800.0,2212.0,1916.0,1657.0
1698676359.361,17,-90,-1008,39.0,47.0,8.0,349.0,97.0,860.0,1759.0,1840.0,2212.0,1924.0,1682.0
1698676359.383,18,-90,-1009,36.0,49.0,9.0,348.0,95.0,861.0,1826.0,1826.0,2210.0,1929.0,1679.0
1698676359.405,16,-88,-1009,32.0,51.0,11.0,348.0,94.0,859.0,1823.0,1862.0,2215.0,1925.0,1671.0
1698676359.427,14,-88,-1006,32.0,41.0,11.0,348.0,91.0,858.0,1800.0,1776.0,2213.0,1914.0,1677.0
1698676359.443,13,-88,-1009,36.0,34.0,13.0,350.0,88.0,857.0,1808.0,1806.0,2190.0,1924.0,1688.0
1698676359.473,15,-88,-1009,38.0,29.0,15.0,352.0,85.0,858.0,1853.0,1844.0,2196.0,1930.0,1708.0
1698676359.495,16,-87,-1010,39.0,20.0,17.0,353.0,83.0,859.0,1824.0,1874.0,2174.0,1920.0,1712.0
1698676359.518,15,-87,-1010,44.0,7.0,21.0,353.0,80.0,859.0,1814.0,1783.0,2161.0,1903.0,1744.0
1698676359.541,15,-86,-1010,46.0,1.0,22.0,354.0,79.0,860.0,1841.0,1859.0,2144.0,1881.0,1750.0
1698676359.544,16,-85,-1012,41.0,0.0,21.0,355.0,76.0,859.0,1814.0,1842.0,2132.0,1873.0,1766.0
1698676359.563,18,-85,-1012,34.0,0.0,22.0,357.0,75.0,858.0,1760.0,1634.0,2133.0,1891.0,1831.0
1698676359.601,18,-85,-1011,25.0,2.0,21.0,358.0,74.0,859.0,1718.0,1563.0,2104.0,1876.0,1830.0
1698676359.604,18,-85,-1011,24.0,4.0,22.0,359.0,73.0,859.0,1693.0,1489.0,2088.0,1882.0,1812.0
1698676359.624,17,-86,-1013,23.0,0.0,22.0,359.0,71.0,859.0,1676.0,1393.0,2081.0,1905.0,1830.0
1698676359.646,18,-85,-1013,25.0,-9.0,24.0,360.0,70.0,858.0,1514.0,1291.0,2051.0,1861.0,1846.0
1698676359.668,19,-85,-1012,27.0,-18.0,26.0,361.0,70.0,859.0,1340.0,1155.0,2042.0,1856.0,1892.0
1698676359.683,20,-84,-1014,38.0,-31.0,25.0,363.0,69.0,858.0,1059.0,1091.0,1997.0,1853.0,1873.0
1698676359.712,19,-83,-1015,75.0,-50.0,20.0,362.0,69.0,857.0,873.0,742.0,1957.0,1832.0,1865.0
1698676359.795,19,-82,-1016,111.0,-80.0,27.0,377.0,67.0,855.0,847.0,526.0,1953.0,1851.0,1915.0
1698676359.799,20,-79,-1025,137.0,-187.0,40.0,375.0,65.0,853.0,343.0,332.0,1968.0,1889.0,1945.0
1698676359.803,44,-76,-1103,-26.0,-315.0,-4.0,373.0,65.0,851.0,544.0,50.0,1896.0,1848.0,1905.0
1698676359.807,36,-75,-1141,-484.0,-306.0,-43.0,371.0,66.0,849.0,57.0,106.0,1811.0,1792.0,1864.0
1698676359.811,35,-79,-1179,-955.0,-391.0,-59.0,371.0,67.0,848.0,0.0,1.0,1754.0,1727.0,1825.0
1698676359.826,38,-83,-1230,-1424.0,-582.0,-57.0,371.0,70.0,846.0,0.0,12.0,1681.0,1487.0,1799.0
1698676359.841,51,-93,-1284,-1844.0,-908.0,-58.0,372.0,75.0,844.0,0.0,0.0,1592.0,698.0,1667.0
1698676359.878,82,-100,-1318,-2150.0,-1336.0,-91.0,374.0,81.0,842.0,0.0,0.0,1422.0,6.0,1381.0
1698676359.886,133,-102,-1322,-2267.0,-1853.0,-209.0,377.0,88.0,839.0,0.0,0.0,1291.0,0.0,1104.0
1698676359.901,217,-97,-1317,-2086.0,-2627.0,-456.0,382.0,97.0,834.0,0.0,0.0,1193.0,0.0,830.0
1698676359.923,256,-102,-1274,-1756.0,-3352.0,-848.0,390.0,108.0,825.0,0.0,0.0,962.0,0.0,579.0
1698676359.945,263,-91,-1197,-1436.0,-3581.0,-1279.0,398.0,118.0,815.0,0.0,0.0,983.0,0.0,45.0
1698676359.961,159,33,-1090,-910.0,-3134.0,-2080.0,408.0,129.0,802.0,0.0,0.0,887.0,0.0,0.0
1698676359.99,105,98,-1013,-66.0,-2194.0,-3126.0,416.0,140.0,792.0,0.0,11.0,874.0,0.0,1.0
1698676360.013,49,147,-945,397.0,-1617.0,-3970.0,424.0,154.0,781.0,0.0,16.0,886.0,0.0,0.0
1698676360.028,-14,210,-882,857.0,-1059.0,-4444.0,429.0,166.0,771.0,0.0,17.0,877.0,0.0,0.0
1698676360.051,-44,258,-848,1357.0,-589.0,-4740.0,433.0,182.0,763.0,0.0,20.0,886.0,0.0,13.0
1698676360.066,-57,289,-829,1837.0,-394.0,-5113.0,434.0,197.0,755.0,0.0,16.0,862.0,0.0,9.0
1698676360.088,-82,286,-829,2172.0,-384.0,-5834.0,433.0,212.0,750.0,0.0,0.0,825.0,0.0,21.0
1698676360.103,-123,266,-836,2328.0,-384.0,-6305.0,429.0,228.0,745.0,0.0,0.0,733.0,0.0,0.0
1698676360.132,-182,230,-851,2320.0,-334.0,-6640.0,422.0,247.0,743.0,0.0,0.0,780.0,0.0,0.0
1698676360.14,-225,194,-876,2255.0,-366.0,-6749.0,414.0,263.0,742.0,0.0,8.0,813.0,0.0,2.0
1698676360.163,-280,164,-921,2279.0,-641.0,-6648.0,405.0,280.0,741.0,0.0,0.0,889.0,0.0,0.0
1698676360.185,-353,104,-971,2332.0,-841.0,-6432.0,396.0,295.0,741.0,0.0,0.0,894.0,0.0,0.0
1698676360.223,-430,15,-1033,2219.0,-878.0,-6412.0,386.0,308.0,743.0,0.0,0.0,928.0,0.0,0.0
1698676360.227,-507,-79,-1083,2039.0,-777.0,-6528.0,377.0,320.0,746.0,0.0,0.0,925.0,0.0,0.0
1698676360.253,-570,-195,-1118,1664.0,-652.0,-6524.0,366.0,329.0,748.0,0.0,0.0,913.0,0.0,0.0
1698676360.268,-625,-296,-1145,1210.0,-564.0,-6244.0,352.0,337.0,751.0,0.0,0.0,865.0,0.0,0.0
1698676360.29,-686,-396,-1146,782.0,-493.0,-5820.0,339.0,345.0,753.0,0.0,0.0,855.0,0.0,0.0
1698676360.335,-748,-496,-1126,324.0,-266.0,-5307.0,324.0,351.0,754.0,0.0,0.0,888.0,0.0,5.0
1698676360.339,-766,-529,-1094,-71.0,4.0,-4574.0,309.0,358.0,756.0,0.0,0.0,952.0,0.0,22.0
1698676360.358,-757,-530,-1038,-321.0,183.0,-3682.0,296.0,363.0,756.0,0.0,0.0,1022.0,0.0,4.0
1698676360.381,-677,-507,-1033,-421.0,-77.0,-2626.0,282.0,368.0,756.0,0.0,0.0,1142.0,0.0,0.0
1698676360.384,-611,-430,-987,-278.0,-478.0,-1989.0,271.0,372.0,755.0,130.0,0.0,1362.0,0.0,36.0
1698676360.403,-592,-336,-957,-28.0,-979.0,-1436.0,262.0,374.0,755.0,3.0,0.0,1581.0,0.0,182.0
1698676360.433,-560,-275,-978,333.0,-1148.0,-719.0,255.0,375.0,755.0,0.0,0.0,1775.0,0.0,311.0
1698676360.455,-440,-245,-985,633.0,-1000.0,-159.0,250.0,375.0,754.0,0.0,0.0,1845.0,136.0,519.0
1698676360.479,-338,-211,-1037,631.0,-977.0,52.0,248.0,374.0,757.0,0.0,0.0,1835.0,429.0,705.0
1698676360.493,-256,-183,-1079,445.0,-874.0,88.0,246.0,374.0,759.0,35.0,110.0,1853.0,638.0,809.0
1698676360.516,-190,-161,-1076,192.0,-444.0,60.0,244.0,376.0,763.0,48.0,463.0,1895.0,736.0,931.0
1698676360.523,-150,-144,-1068,70.0,-132.0,32.0,241.0,378.0,765.0,155.0,587.0,1926.0,889.0,892.0
1698676360.546,-125,-130,-1054,41.0,-9.0,18.0,239.0,380.0,768.0,694.0,621.0,1940.0,1074.0,1044.0
1698676360.567,-103,-119,-1045,32.0,29.0,16.0,236.0,382.0,771.0,786.0,674.0,1954.0,1161.0,1092.0
1698676360.583,-83,-111,-1040,51.0,59.0,14.0,234.0,384.0,773.0,801.0,877.0,1966.0,1193.0,1133.0
1698676360.612,-65,-106,-1036,59.0,92.0,10.0,231.0,386.0,774.0,907.0,1145.0,1963.0,1144.0,1120.0
1698676360.627,-50,-100,-1033,52.0,127.0,7.0,227.0,390.0,777.0,1147.0,1486.0,1985.0,1136.0,1126.0
1698676360.643,-43,-95,-1031,37.0,144.0,3.0,224.0,393.0,779.0,1069.0,1474.0,1982.0,1142.0,1137.0
1698676360.666,-38,-92,-1026,23.0,115.0,8.0,220.0,396.0,781.0,1224.0,1565.0,2002.0,1139.0,1151.0
1698676360.687,-32,-90,-1023,12.0,65.0,12.0,217.0,398.0,781.0,1147.0,1510.0,2023.0,1161.0,1185.0
1698676360.703,-26,-88,-1021,0.0,19.0,15.0,214.0,399.0,781.0,1126.0,1589.0,2028.0,1313.0,1212.0
1698676360.726,-23,-87,-1019,-15.0,-19.0,22.0,214.0,399.0,780.0,1148.0,1634.0,2036.0,1359.0,1284.0
1698676360.748,-18,-87,-1015,-17.0,-36.0,23.0,215.0,399.0,781.0,1138.0,1595.0,2061.0,1496.0,1379.0
1698676360.763,-14,-87,-1013,-10.0,-16.0,19.0,216.0,398.0,781.0,1175.0,1650.0,2100.0,1509.0,1439.0
1698676360.785,-10,-87,-1013,-9.0,0.0,16.0,217.0,397.0,781.0,1166.0,1598.0,2083.0,1572.0,1437.0
1698676360.807,-7,-87,-1011,-5.0,11.0,12.0,219.0,395.0,780.0,1117.0,1712.0,2075.0,1604.0,1461.0
1698676360.823,-4,-87,-1009,9.0,28.0,6.0,220.0,395.0,779.0,1119.0,1751.0,2104.0,1660.0,1495.0
1698676360.846,-4,-86,-1012,14.0,54.0,2.0,221.0,395.0,778.0,1081.0,1764.0,2126.0,1671.0,1502.0
1698676360.868,-3,-87,-1011,13.0,64.0,1.0,223.0,394.0,778.0,1093.0,1788.0,2136.0,1702.0,1493.0
1698676360.883,-3,-87,-1011,16.0,79.0,0.0,225.0,395.0,778.0,1095.0,1802.0,2147.0,1719.0,1472.0
1698676360.905,-3,-87,-1010,20.0,84.0,0.0,225.0,395.0,779.0,1067.0,1825.0,2149.0,1727.0,1450.0
1698676360.928,-2,-87,-1008,24.0,78.0,0.0,226.0,396.0,780.0,1072.0,1819.0,2145.0,1785.0,1455.0
1698676360.943,-1,-87,-1009,27.0,78.0,-4.0,226.0,396.0,781.0,1081.0,1834.0,2146.0,1781.0,1446.0
1698676360.966,-2,-87,-1008,25.0,75.0,-7.0,226.0,397.0,781.0,1107.0,1828.0,2167.0,1773.0,1396.0
1698676360.988,-3,-87,-1008,20.0,67.0,-7.0,227.0,397.0,780.0,1078.0,1835.0,2172.0,1744.0,1461.0
1698676361.018,-4,-87,-1009,20.0,54.0,-3.0,228.0,397.0,781.0,1088.0,1822.0,2163.0,1755.0,1483.0
1698676361.033,-4,-87,-1009,17.0,39.0,0.0,230.0,396.0,781.0,1097.0,1818.0,2195.0,1747.0,1493.0
1698676361.04,-4,-86,-1010,21.0,19.0,2.0,234.0,395.0,782.0,1034.0,1808.0,2158.0,1748.0,1504.0
1698676361.071,-5,-87,-1010,21.0,-5.0,10.0,236.0,392.0,783.0,1082.0,1807.0,2152.0,1782.0,1600.0
1698676361.093,-3,-87,-1010,28.0,-10.0,13.0,239.0,389.0,783.0,1059.0,1820.0,2143.0,1754.0,1710.0
1698676361.1,-2,-87,-1009,36.0,0.0,14.0,241.0,388.0,785.0,1063.0,1873.0,2132.0,1808.0,1720.0
1698676361.145,-3,-86,-1008,38.0,17.0,14.0,242.0,386.0,785.0,1165.0,1857.0,2130.0,1828.0,1713.0
1698676361.149,-3,-86,-1008,40.0,26.0,15.0,243.0,383.0,785.0,1047.0,1840.0,2140.0,1866.0,1727.0
1698676361.183,-2,-86,-1008,38.0,29.0,20.0,244.0,383.0,786.0,1086.0,1912.0,2156.0,1875.0,1737.0
1698676361.187,-2,-85,-1008,38.0,29.0,16.0,246.0,381.0,787.0,1159.0,1935.0,2169.0,1884.0,1766.0
1698676361.205,-1,-85,-1007,42.0,32.0,17.0,245.0,380.0,786.0,1107.0,1962.0,2189.0,1897.0,1745.0
1698676361.221,-1,-84,-1004,46.0,36.0,16.0,246.0,379.0,785.0,1069.0,1972.0,2164.0,1883.0,1727.0
1698676361.243,-2,-83,-1007,42.0,38.0,16.0,246.0,378.0,784.0,1090.0,1970.0,2181.0,1877.0,1722.0
1698676361.273,-2,-82,-1010,39.0,29.0,21.0,247.0,377.0,783.0,1112.0,1983.0,2171.0,1866.0,1709.0
1698676361.31,-2,-82,-1010,33.0,18.0,24.0,248.0,376.0,782.0,1069.0,1851.0,2162.0,1859.0,1699.0
1698676361.314,-1,-81,-1011,32.0,10.0,26.0,249.0,375.0,783.0,1079.0,1849.0,2182.0,1858.0,1700.0
1698676361.325,-1,-80,-1011,35.0,0.0,30.0,249.0,375.0,782.0,1063.0,1906.0,2135.0,1863.0,1702.0
1698676361.348,-12,-81,-1011,33.0,-9.0,33.0,250.0,373.0,783.0,1017.0,1776.0,2133.0,1870.0,1703.0
1698676361.37,-9,-81,-1010,35.0,-14.0,31.0,251.0,374.0,784.0,1087.0,1787.0,2128.0,1879.0,1711.0
1698676361.4,-7,-81,-1010,38.0,-16.0,30.0,251.0,373.0,782.0,1072.0,1777.0,2102.0,1848.0,1711.0
1698676361.422,-5,-82,-1010,41.0,-20.0,28.0,252.0,374.0,782.0,1057.0,1715.0,2084.0,1823.0,1714.0
1698676361.426,-3,-81,-1010,48.0,-23.0,27.0,252.0,374.0,782.0,1194.0,1607.0,2056.0,1817.0,1706.0
1698676361.452,-1,-81,-1012,53.0,-36.0,30.0,253.0,374.0,781.0,983.0,1457.0,2006.0,1816.0,1693.0
1698676361.461,0,-79,-1014,58.0,-57.0,31.0,253.0,375.0,781.0,1019.0,938.0,1954.0,1740.0,1680.0
1698676361.483,2,-78,-1018,91.0,-86.0,29.0,254.0,374.0,781.0,831.0,836.0,1900.0,1681.0,1655.0
1698676361.513,1,-77,-1021,131.0,-125.0,29.0,255.0,373.0,780.0,575.0,561.0,1805.0,1612.0,1607.0
1698676361.527,2,-76,-1028,176.0,-228.0,40.0,256.0,372.0,779.0,88.0,451.0,1714.0,1597.0,1595.0
1698676361.573,51,-68,-1116,100.0,-524.0,-13.0,258.0,372.0,777.0,41.0,43.0,1503.0,1393.0,1589.0
1698676361.577,31,-68,-1163,-451.0,-785.0,38.0,258.0,373.0,775.0,0.0,85.0,1409.0,618.0,1478.0
1698676361.595,17,-78,-1231,-862.0,-1279.0,82.0,260.0,375.0,772.0,0.0,10.0,1336.0,62.0,1263.0
1698676361.611,16,-83,-1301,-1152.0,-2050.0,154.0,262.0,377.0,770.0,0.0,2.0,1133.0,0.0,691.0
1698676361.626,39,-75,-1349,-1137.0,-3028.0,114.0,268.0,379.0,764.0,0.0,0.0,947.0,0.0,281.0
1698676361.648,33,-80,-1376,-1044.0,-4028.0,12.0,277.0,382.0,761.0,0.0,0.0,726.0,0.0,13.0
1698676361.671,-139,-46,-1352,-943.0,-3768.0,-410.0,286.0,384.0,755.0,0.0,0.0,700.0,0.0,0.0
1698676361.685,-263,0,-1284,-591.0,-2117.0,-698.0,296.0,386.0,749.0,0.0,0.0,789.0,0.0,0.0
1698676361.716,-283,51,-1194,-435.0,-1018.0,-1073.0,303.0,388.0,745.0,0.0,0.0,772.0,0.0,0.0
1698676361.723,-331,115,-1099,-281.0,-335.0,-1393.0,309.0,389.0,743.0,0.0,0.0,825.0,0.0,0.0
1698676361.746,-358,184,-1018,-121.0,401.0,-1544.0,312.0,391.0,740.0,0.0,0.0,782.0,0.0,0.0
1698676361.768,-351,254,-957,205.0,990.0,-1605.0,313.0,392.0,740.0,0.0,0.0,803.0,0.0,0.0
1698676361.783,-334,311,-916,678.0,1416.0,-1635.0,311.0,392.0,743.0,0.0,0.0,863.0,0.0,0.0
1698676361.82,-303,337,-896,1166.0,1789.0,-1643.0,307.0,390.0,746.0,0.0,0.0,815.0,0.0,0.0
1698676361.836,-260,335,-903,1570.0,2039.0,-1653.0,299.0,387.0,751.0,0.0,0.0,779.0,0.0,0.0
1698676361.85,-213,316,-926,1885.0,2136.0,-1649.0,290.0,385.0,755.0,15.0,0.0,714.0,0.0,0.0
1698676361.873,-180,268,-967,2072.0,2146.0,-1583.0,279.0,382.0,761.0,0.0,0.0,740.0,0.0,0.0
1698676361.88,-144,224,-1026,2189.0,2141.0,-1462.0,267.0,378.0,770.0,0.0,0.0,845.0,0.0,0.0
1698676361.903,-114,175,-1092,2381.0,2017.0,-1327.0,256.0,375.0,777.0,0.0,0.0,856.0,0.0,0.0
1698676361.926,-96,113,-1159,2517.0,1956.0,-1184.0,245.0,369.0,788.0,0.0,0.0,785.0,0.0,0.0
1698676361.94,-63,48,-1225,2555.0,2081.0,-1031.0,231.0,360.0,799.0,0.0,0.0,882.0,0.0,0.0
1698676361.971,-15,-29,-1275,2462.0,2086.0,-920.0,217.0,351.0,809.0,0.0,0.0,911.0,0.0,0.0
1698676361.993,32,-98,-1308,2208.0,1896.0,-863.0,204.0,340.0,817.0,0.0,0.0,909.0,0.0,0.0
1698676362.015,68,-150,-1307,2026.0,1428.0,-779.0,191.0,331.0,825.0,0.0,0.0,928.0,0.0,14.0
1698676362.03,78,-202,-1294,1811.0,998.0,-561.0,179.0,320.0,832.0,0.0,0.0,879.0,0.0,12.0
1698676362.052,82,-238,-1265,1607.0,720.0,-228.0,168.0,309.0,838.0,0.0,0.0,745.0,0.0,0.0
1698676362.068,87,-266,-1208,1530.0,612.0,54.0,159.0,301.0,845.0,0.0,0.0,848.0,0.0,0.0
1698676362.083,98,-308,-1159,1290.0,511.0,185.0,152.0,291.0,852.0,0.0,0.0,873.0,0.0,0.0
1698676362.106,105,-327,-1115,925.0,392.0,171.0,145.0,282.0,858.0,0.0,0.0,847.0,0.0,4.0
1698676362.128,105,-321,-1065,702.0,296.0,80.0,138.0,275.0,863.0,0.0,0.0,894.0,0.0,1.0
1698676362.143,101,-312,-1028,476.0,142.0,-28.0,133.0,269.0,867.0,0.0,0.0,904.0,0.0,10.0
1698676362.166,87,-292,-1005,226.0,23.0,-117.0,129.0,264.0,870.0,0.0,0.0,974.0,0.0,4.0
1698676362.188,83,-259,-981,72.0,-37.0,-201.0,125.0,258.0,874.0,0.0,0.0,1012.0,0.0,34.0
1698676362.203,101,-245,-979,-95.0,-142.0,-286.0,121.0,254.0,878.0,0.0,0.0,966.0,0.0,32.0
1698676362.233,97,-262,-1068,-453.0,-514.0,-261.0,119.0,251.0,882.0,0.0,0.0,861.0,0.0,0.0
1698676362.255,2,-9,-1064,-1205.0,-1050.0,-34.0,117.0,252.0,886.0,0.0,230.0,789.0,0.0,0.0
1698676362.315,-29,9,-1023,-1632.0,-1790.0,147.0,115.0,255.0,891.0,240.0,286.0,767.0,0.0,0.0
1698676362.319,-64,17,-1057,-1962.0,-1953.0,-1.0,116.0,264.0,898.0,230.0,466.0,696.0,0.0,0.0
1698676362.323,-65,28,-1077,-1999.0,-1646.0,-301.0,117.0,273.0,906.0,460.0,562.0,758.0,0.0,0.0
1698676362.33,-26,38,-1092,-2006.0,-1186.0,-511.0,117.0,287.0,911.0,656.0,797.0,786.0,0.0,0.0
1698676362.346,16,41,-1097,-1972.0,-791.0,-424.0,117.0,303.0,915.0,830.0,976.0,785.0,0.0,0.0
1698676362.376,24,28,-1126,-1945.0,-510.0,-214.0,117.0,319.0,918.0,1074.0,1276.0,875.0,0.0,0.0
1698676362.391,16,8,-1152,-1755.0,-298.0,-153.0,112.0,339.0,919.0,1324.0,1497.0,1026.0,0.0,0.0
1698676362.427,14,-8,-1148,-1364.0,-150.0,-155.0,107.0,357.0,919.0,1298.0,1778.0,1114.0,0.0,0.0
1698676362.431,11,-20,-1129,-910.0,-118.0,-115.0,105.0,372.0,919.0,1440.0,1816.0,1304.0,0.0,0.0
1698676362.457,12,-30,-1114,-559.0,-89.0,-87.0,107.0,379.0,919.0,1584.0,1814.0,1495.0,0.0,0.0
1698676362.481,11,-38,-1096,-331.0,-49.0,-55.0,110.0,385.0,919.0,1602.0,1683.0,1608.0,306.0,22.0
1698676362.496,8,-44,-1080,-199.0,-41.0,-29.0,115.0,387.0,919.0,1602.0,1601.0,1622.0,711.0,213.0
1698676362.503,8,-50,-1067,-106.0,-56.0,-8.0,119.0,387.0,919.0,1628.0,1747.0,1624.0,905.0,575.0
1698676362.525,5,-56,-1053,-52.0,-84.0,6.0,125.0,386.0,921.0,1610.0,1767.0,1634.0,1119.0,905.0
1698676362.563,7,-59,-1043,-4.0,-78.0,19.0,130.0,386.0,922.0,1715.0,1677.0,1681.0,1249.0,1205.0
1698676362.567,10,-59,-1036,6.0,-44.0,26.0,134.0,385.0,925.0,1766.0,1833.0,1730.0,1394.0,1375.0
1698676362.585,11,-61,-1031,-4.0,-16.0,25.0,138.0,384.0,925.0,1713.0,1897.0,1760.0,1386.0,1402.0
1698676362.608,12,-62,-1025,-11.0,0.0,23.0,140.0,383.0,925.0,1789.0,1763.0,1798.0,1426.0,1476.0
1698676362.63,12,-64,-1024,-17.0,5.0,23.0,143.0,382.0,925.0,1816.0,1829.0,1824.0,1462.0,1549.0
1698676362.646,12,-64,-1021,-19.0,0.0,21.0,145.0,382.0,925.0,1809.0,1883.0,1830.0,1481.0,1608.0
1698676362.668,13,-66,-1019,-14.0,-11.0,21.0,145.0,381.0,925.0,1806.0,1964.0,1864.0,1506.0,1656.0
1698676362.713,13,-66,-1015,-9.0,-21.0,26.0,147.0,380.0,925.0,1862.0,1912.0,1889.0,1540.0,1691.0
1698676362.717,14,-68,-1015,-3.0,-23.0,28.0,147.0,380.0,923.0,1835.0,1868.0,1875.0,1561.0,1708.0
1698676362.736,16,-69,-1014,1.0,-22.0,26.0,148.0,380.0,923.0,1858.0,1812.0,1861.0,1574.0,1707.0
1698676362.743,17,-70,-1012,15.0,-24.0,28.0,150.0,379.0,922.0,1954.0,1860.0,1890.0,1604.0,1761.0
1698676362.773,19,-69,-1013,17.0,-22.0,27.0,150.0,378.0,921.0,1796.0,1826.0,1902.0,1597.0,1742.0
1698676362.796,19,-69,-1013,0.0,-16.0,26.0,152.0,377.0,918.0,1858.0,1859.0,1870.0,1651.0,1780.0
1698676362.803,21,-70,-1012,-24.0,2.0,23.0,155.0,376.0,913.0,1818.0,1739.0,1862.0,1677.0,1792.0
1698676362.84,23,-71,-1012,-41.0,21.0,18.0,160.0,376.0,909.0,1791.0,1667.0,1882.0,1682.0,1842.0
1698676362.863,22,-72,-1012,-48.0,22.0,21.0,162.0,380.0,909.0,1694.0,1647.0,1892.0,1685.0,1908.0
1698676362.885,22,-74,-1011,-41.0,17.0,25.0,162.0,382.0,911.0,1555.0,1504.0,1918.0,1725.0,1893.0
1698676362.888,21,-75,-1011,-34.0,5.0,30.0,161.0,383.0,914.0,1433.0,1262.0,1907.0,1723.0,1890.0
1698676362.93,21,-76,-1009,-20.0,-11.0,35.0,160.0,381.0,915.0,1392.0,1268.0,1939.0,1759.0,1929.0
1698676362.945,21,-77,-1008,-9.0,-19.0,40.0,160.0,381.0,917.0,1366.0,1101.0,1920.0,1781.0,1976.0
1698676362.949,21,-78,-1009,-3.0,-22.0,41.0,160.0,379.0,917.0,1280.0,943.0,1938.0,1808.0,1978.0
1698676362.983,23,-78,-1008,2.0,-30.0,43.0,160.0,378.0,917.0,1256.0,977.0,1997.0,1807.0,2043.0
1698676362.986,25,-79,-1007,2.0,-28.0,42.0,161.0,379.0,917.0,1188.0,907.0,2008.0,1822.0,2040.0
1698676363.006,26,-79,-1010,1.0,-21.0,40.0,161.0,379.0,915.0,1074.0,785.0,2034.0,1858.0,2047.0
1698676363.036,26,-79,-1010,10.0,-34.0,37.0,162.0,379.0,915.0,1039.0,743.0,1982.0,1832.0,2074.0
1698676363.043,26,-79,-1012,14.0,-51.0,38.0,162.0,379.0,913.0,672.0,783.0,1992.0,1871.0,2094.0
1698676363.073,28,-79,-1014,17.0,-95.0,45.0,163.0,379.0,912.0,535.0,421.0,2042.0,1913.0,2146.0
1698676363.088,32,-80,-1018,18.0,-115.0,48.0,163.0,379.0,911.0,494.0,461.0,2084.0,1973.0,2198.0
1698676363.11,31,-81,-1020,24.0,-131.0,61.0,163.0,380.0,909.0,113.0,234.0,2109.0,1999.0,2190.0
1698676363.133,20,-85,-1031,1.0,-82.0,128.0,162.0,381.0,907.0,69.0,189.0,2117.0,2013.0,2217.0
1698676363.148,33,-81,-1059,-262.0,-153.0,83.0,162.0,382.0,906.0,0.0,40.0,2085.0,2030.0,2229.0
1698676363.163,42,-82,-1077,-488.0,-157.0,52.0,162.0,383.0,904.0,0.0,57.0,2097.0,2073.0,2255.0
1698676363.193,52,-84,-1094,-747.0,-137.0,2.0,162.0,384.0,901.0,0.0,3.0,2110.0,2029.0,2243.0
1698676363.216,63,-90,-1111,-1037.0,-101.0,-56.0,164.0,386.0,897.0,0.0,0.0,2088.0,2036.0,2275.0
1698676363.253,68,-99,-1129,-1341.0,-44.0,-114.0,165.0,388.0,893.0,0.0,0.0,2123.0,2042.0,2282.0
1698676363.257,72,-111,-1151,-1660.0,-30.0,-160.0,166.0,391.0,885.0,0.0,11.0,2077.0,2033.0,2274.0
1698676363.268,71,-129,-1151,-1973.0,-41.0,-195.0,167.0,395.0,876.0,0.0,46.0,2065.0,2055.0,2266.0
1698676363.283,77,-153,-1152,-2233.0,-61.0,-220.0,168.0,400.0,866.0,0.0,0.0,2048.0,2002.0,2194.0
1698676363.306,79,-172,-1197,-2497.0,-114.0,-225.0,169.0,406.0,851.0,0.0,0.0,1995.0,1836.0,2071.0
1698676363.328,68,-213,-1199,-2719.0,-232.0,-202.0,170.0,410.0,838.0,0.0,0.0,1866.0,1607.0,1981.0
1698676363.343,55,-263,-1213,-2881.0,-373.0,-134.0,171.0,417.0,823.0,0.0,0.0,1758.0,1329.0,1742.0
1698676363.365,34,-312,-1218,-3049.0,-480.0,-42.0,172.0,426.0,804.0,0.0,0.0,1673.0,1121.0,1583.0
1698676363.403,30,-365,-1239,-3218.0,-452.0,78.0,174.0,434.0,784.0,0.0,0.0,1630.0,535.0,1433.0
1698676363.407,36,-410,-1260,-3341.0,-515.0,153.0,175.0,442.0,761.0,0.0,0.0,1518.0,236.0,1359.0
1698676363.425,9,-465,-1276,-3350.0,-430.0,255.0,178.0,449.0,741.0,0.0,0.0,1432.0,209.0,1286.0
1698676363.448,-10,-501,-1278,-3276.0,-141.0,406.0,178.0,457.0,717.0,0.0,0.0,1316.0,0.0,1124.0
1698676363.463,-24,-478,-1250,-3167.0,-83.0,583.0,179.0,466.0,690.0,0.0,0.0,1275.0,0.0,642.0
1698676363.485,-42,-441,-1178,-3119.0,43.0,769.0,180.0,474.0,665.0,0.0,0.0,772.0,0.0,28.0
1698676363.508,-42,-470,-1101,-3322.0,104.0,686.0,182.0,480.0,639.0,0.0,0.0,469.0,0.0,0.0
1698676363.523,-31,-416,-1057,-3080.0,131.0,279.0,184.0,486.0,614.0,0.0,0.0,457.0,0.0,0.0
1698676363.553,-15,-312,-976,-2183.0,-151.0,-21.0,185.0,489.0,588.0,0.0,0.0,479.0,0.0,0.0
1698676363.568,-57,-199,-896,-853.0,-378.0,72.0,185.0,492.0,566.0,0.0,0.0,562.0,0.0,0.0
1698676363.583,-109,-104,-831,447.0,-197.0,539.0,185.0,495.0,549.0,0.0,0.0,580.0,0.0,0.0
1698676363.605,-121,-33,-783,1406.0,191.0,1131.0,188.0,498.0,540.0,0.0,0.0,621.0,0.0,0.0
1698676363.635,-103,19,-752,2137.0,395.0,1507.0,191.0,501.0,536.0,0.0,0.0,658.0,0.0,0.0
1698676363.643,-57,51,-742,2754.0,413.0,1499.0,196.0,503.0,539.0,0.0,0.0,650.0,0.0,0.0
1698676363.665,-26,62,-744,3286.0,126.0,1102.0,201.0,505.0,549.0,0.0,0.0,682.0,0.0,0.0
1698676363.688,-61,52,-761,3690.0,31.0,615.0,205.0,505.0,560.0,0.0,0.0,720.0,0.0,0.0
1698676363.71,-110,29,-790,3873.0,431.0,415.0,210.0,504.0,577.0,0.0,0.0,692.0,0.0,0.0
1698676363.733,-124,7,-837,3892.0,994.0,428.0,212.0,503.0,596.0,0.0,0.0,696.0,0.0,0.0
1698676363.748,-93,-7,-904,3978.0,1381.0,396.0,213.0,501.0,617.0,0.0,0.0,691.0,0.0,46.0
1698676363.763,-65,-57,-995,4037.0,1539.0,236.0,215.0,501.0,646.0,0.0,0.0,736.0,0.0,34.0
1698676363.786,-49,-119,-1087,3905.0,1682.0,60.0,220.0,500.0,676.0,0.0,0.0,804.0,0.0,0.0
1698676363.808,-49,-167,-1180,3790.0,1825.0,-75.0,227.0,488.0,720.0,0.0,0.0,850.0,0.0,0.0
1698676363.823,-42,-225,-1277,3713.0,2015.0,-143.0,231.0,472.0,757.0,0.0,0.0,834.0,0.0,0.0
1698676363.853,0,-269,-1362,3655.0,2038.0,-290.0,224.0,447.0,789.0,0.0,0.0,817.0,0.0,0.0
1698676363.868,28,-309,-1430,3698.0,1868.0,-560.0,212.0,421.0,812.0,0.0,0.0,754.0,0.0,0.0
1698676363.883,31,-358,-1473,3637.0,1733.0,-815.0,202.0,397.0,829.0,0.0,0.0,770.0,0.0,0.0
1698676363.913,39,-409,-1505,3433.0,1660.0,-957.0,191.0,372.0,839.0,0.0,0.0,764.0,0.0,0.0
1698676363.935,53,-461,-1512,3240.0,1578.0,-985.0,180.0,350.0,846.0,0.0,0.0,728.0,0.0,0.0
1698676363.943,87,-516,-1505,2930.0,1580.0,-880.0,171.0,328.0,848.0,0.0,0.0,760.0,0.0,0.0
1698676363.966,151,-552,-1473,2528.0,1424.0,-697.0,161.0,308.0,849.0,0.0,0.0,694.0,0.0,0.0
1698676363.988,198,-572,-1417,2151.0,1068.0,-481.0,151.0,292.0,848.0,0.0,0.0,723.0,0.0,0.0
1698676364.003,221,-586,-1350,1760.0,695.0,-231.0,143.0,277.0,846.0,0.0,0.0,696.0,0.0,0.0
1698676364.025,219,-577,-1283,1345.0,379.0,27.0,137.0,264.0,844.0,0.0,0.0,771.0,0.0,0.0
1698676364.048,211,-560,-1220,1055.0,250.0,179.0,132.0,254.0,841.0,0.0,0.0,748.0,0.0,0.0
1698676364.064,206,-549,-1168,713.0,164.0,151.0,129.0,246.0,839.0,0.0,0.0,686.0,0.0,0.0
1698676364.093,193,-521,-1123,365.0,93.0,37.0,127.0,239.0,837.0,0.0,0.0,730.0,0.0,0.0
1698676364.115,193,-481,-1088,59.0,55.0,-119.0,125.0,235.0,836.0,0.0,0.0,760.0,0.0,0.0
1698676364.138,189,-428,-1067,-224.0,-71.0,-316.0,125.0,231.0,834.0,0.0,0.0,733.0,0.0,0.0
1698676364.145,172,-369,-1054,-373.0,-166.0,-498.0,124.0,228.0,833.0,0.0,0.0,748.0,0.0,0.0
1698676364.168,81,-357,-1251,-627.0,-321.0,-632.0,124.0,225.0,832.0,0.0,0.0,613.0,0.0,2.0
1698676364.19,1,-103,-1257,-1214.0,-455.0,-552.0,124.0,225.0,832.0,0.0,13.0,527.0,0.0,0.0
1698676364.213,-11,-61,-1193,-1578.0,-931.0,-458.0,124.0,228.0,831.0,118.0,210.0,580.0,0.0,0.0
1698676364.236,-12,-17,-1163,-1790.0,-1214.0,-435.0,125.0,232.0,831.0,309.0,587.0,755.0,0.0,0.0
1698676364.258,-4,12,-1155,-1828.0,-1226.0,-416.0,123.0,240.0,832.0,427.0,345.0,766.0,0.0,0.0
1698676364.28,-2,32,-1142,-1803.0,-1004.0,-442.0,123.0,251.0,831.0,668.0,617.0,592.0,0.0,0.0
1698676364.311,6,44,-1131,-1779.0,-693.0,-494.0,123.0,262.0,830.0,1020.0,933.0,807.0,0.0,0.0
1698676364.314,29,48,-1127,-1769.0,-428.0,-443.0,122.0,274.0,830.0,1022.0,1026.0,772.0,0.0,0.0
1698676364.333,38,39,-1136,-1751.0,-262.0,-268.0,119.0,288.0,830.0,1251.0,1174.0,818.0,0.0,0.0
1698676364.4,30,20,-1152,-1604.0,-164.0,-162.0,116.0,302.0,828.0,1372.0,1553.0,906.0,0.0,0.0
1698676364.403,24,2,-1151,-1287.0,-76.0,-136.0,111.0,319.0,826.0,1424.0,1742.0,1026.0,0.0,0.0
1698676364.437,17,-9,-1137,-948.0,-37.0,-126.0,107.0,332.0,825.0,1579.0,1911.0,1154.0,0.0,0.0
1698676364.441,18,-24,-1124,-644.0,-34.0,-99.0,106.0,340.0,823.0,1711.0,1884.0,1293.0,0.0,0.0
1698676364.482,18,-32,-1104,-405.0,-56.0,-78.0,109.0,342.0,823.0,1683.0,1866.0,1410.0,0.0,0.0
1698676364.486,18,-37,-1088,-243.0,-54.0,-52.0,112.0,344.0,822.0,1624.0,1864.0,1468.0,0.0,0.0
1698676364.505,19,-40,-1074,-155.0,-23.0,-29.0,117.0,341.0,824.0,1630.0,1886.0,1581.0,12.0,63.0
1698676364.509,19,-44,-1064,-111.0,19.0,-15.0,121.0,339.0,825.0,1589.0,1940.0,1702.0,370.0,171.0
1698676364.527,16,-48,-1055,-93.0,29.0,-6.0,126.0,336.0,826.0,1682.0,1845.0,1681.0,684.0,348.0
1698676364.531,13,-51,-1046,-74.0,7.0,4.0,131.0,332.0,825.0,1616.0,1792.0,1671.0,907.0,658.0
1698676364.588,12,-54,-1039,-51.0,-30.0,15.0,136.0,329.0,825.0,1568.0,1690.0,1696.0,1100.0,1024.0
1698676364.592,15,-46,-1026,-20.0,-53.0,24.0,141.0,327.0,825.0,1577.0,1801.0,1738.0,1311.0,1304.0
1698676364.61,18,-50,-1023,2.0,-59.0,28.0,145.0,325.0,826.0,1693.0,1731.0,1761.0,1427.0,1561.0
1698676364.614,16,-51,-1022,11.0,-59.0,26.0,147.0,323.0,827.0,1866.0,2079.0,1776.0,1461.0,1622.0
1698676364.634,18,-54,-1020,8.0,-64.0,27.0,150.0,322.0,827.0,1685.0,1847.0,1761.0,1541.0,1576.0
1698676364.716,20,-56,-1017,3.0,-67.0,27.0,152.0,321.0,827.0,1667.0,1753.0,1750.0,1514.0,1624.0
1698676364.719,22,-56,-1017,3.0,-64.0,26.0,154.0,320.0,826.0,1638.0,1728.0,1706.0,1499.0,1634.0
1698676364.746,21,-58,-1015,-4.0,-63.0,27.0,156.0,319.0,826.0,1699.0,1836.0,1679.0,1601.0,1705.0
1698676364.749,24,-59,-1013,-7.0,-51.0,25.0,158.0,318.0,824.0,1634.0,1790.0,1640.0,1566.0,1721.0
1698676364.761,27,-60,-1013,-7.0,-37.0,24.0,159.0,317.0,824.0,1542.0,1760.0,1643.0,1562.0,1753.0
1698676364.768,27,-62,-1012,-8.0,-21.0,21.0,160.0,316.0,824.0,1588.0,1714.0,1666.0,1556.0,1744.0
1698676364.772,29,-64,-1010,-4.0,-10.0,19.0,162.0,313.0,822.0,1612.0,1781.0,1649.0,1554.0,1746.0
1698676364.827,30,-64,-1011,1.0,-2.0,20.0,164.0,311.0,820.0,1497.0,1717.0,1647.0,1549.0,1775.0
1698676364.85,30,-64,-1009,6.0,2.0,22.0,166.0,309.0,817.0,1573.0,1654.0,1717.0,1560.0,1781.0
1698676364.853,31,-65,-1008,10.0,11.0,22.0,169.0,311.0,814.0,1529.0,1673.0,1752.0,1597.0,1865.0
1698676364.887,31,-65,-1008,14.0,15.0,26.0,173.0,313.0,812.0,1550.0,1587.0,1713.0,1597.0,1848.0
1698676364.891,31,-66,-1009,14.0,17.0,26.0,173.0,317.0,815.0,1647.0,1799.0,1707.0,1604.0,1856.0
1698676364.895,31,-66,-1010,10.0,14.0,29.0,172.0,320.0,817.0,1747.0,1730.0,1705.0,1608.0,1875.0
1698676364.911,32,-67,-1010,0.0,16.0,27.0,171.0,320.0,819.0,1693.0,1684.0,1680.0,1606.0,1837.0
1698676364.941,32,-67,-1010,-5.0,17.0,26.0,169.0,319.0,819.0,1551.0,1475.0,1666.0,1607.0,1835.0
1698676364.978,32,-68,-1012,-12.0,19.0,29.0,167.0,318.0,819.0,1345.0,1426.0,1652.0,1619.0,1866.0
1698676364.985,32,-69,-1011,-7.0,18.0,28.0,167.0,316.0,819.0,1424.0,1338.0,1681.0,1657.0,1892.0
1698676364.993,31,-70,-1010,2.0,7.0,29.0,167.0,316.0,819.0,1286.0,1185.0,1670.0,1672.0,1893.0
1698676365.015,32,-70,-1010,6.0,0.0,32.0,167.0,315.0,820.0,1211.0,1180.0,1691.0,1682.0,1938.0
1698676365.024,32,-70,-1010,4.0,-10.0,36.0,168.0,315.0,819.0,1152.0,1195.0,1673.0,1669.0,1952.0
1698676365.046,33,-71,-1009,4.0,-13.0,35.0,167.0,315.0,817.0,1420.0,969.0,1686.0,1675.0,2012.0
1698676365.068,36,-71,-1008,0.0,7.0,32.0,167.0,315.0,814.0,973.0,1058.0,1704.0,1728.0,1930.0
1698676365.173,17,-74,-1021,6.0,9.0,29.0,168.0,314.0,813.0,932.0,1062.0,1798.0,1810.0,1944.0
1698676365.177,22,-74,-1019,8.0,7.0,29.0,168.0,314.0,812.0,826.0,801.0,1817.0,1789.0,1960.0
1698676365.233,23,-75,-1020,15.0,-10.0,29.0,169.0,314.0,812.0,809.0,713.0,1837.0,1793.0,2029.0
1698676365.24,24,-74,-1021,20.0,-75.0,38.0,170.0,314.0,812.0,1013.0,591.0,1847.0,1799.0,2027.0
1698676365.255,27,-75,-1020,16.0,-122.0,44.0,170.0,314.0,812.0,394.0,267.0,1869.0,1827.0,2061.0
1698676365.315,30,-75,-1023,1.0,-152.0,52.0,169.0,315.0,811.0,334.0,196.0,1925.0,1858.0,2076.0
1698676365.338,35,-75,-1021,-21.0,-167.0,58.0,168.0,318.0,810.0,254.0,254.0,1895.0,1911.0,2094.0
1698676365.342,37,-78,-1019,-51.0,-151.0,64.0,168.0,320.0,809.0,735.0,1.0,1926.0,1962.0,2128.0
1698676365.352,70,-72,-1061,-141.0,-49.0,98.0,166.0,321.0,810.0,199.0,3.0,2000.0,1994.0,2153.0
1698676365.356,76,-72,-1076,-460.0,-52.0,28.0,166.0,323.0,809.0,417.0,0.0,1993.0,2023.0,2152.0
1698676365.375,82,-75,-1096,-765.0,-64.0,-21.0,167.0,326.0,809.0,429.0,0.0,2017.0,2076.0,2172.0
1698676365.379,82,-83,-1107,-1051.0,-37.0,-72.0,167.0,328.0,808.0,5.0,0.0,2027.0,2049.0,2185.0
1698676365.382,81,-94,-1102,-1308.0,-15.0,-112.0,167.0,331.0,804.0,0.0,0.0,2037.0,2104.0,2224.0
1698676365.39,81,-109,-1119,-1550.0,-26.0,-135.0,167.0,334.0,801.0,0.0,0.0,2080.0,2103.0,2234.0
1698676365.398,79,-126,-1128,-1777.0,-69.0,-147.0,166.0,339.0,797.0,0.0,0.0,2046.0,2110.0,2245.0
1698676365.402,74,-147,-1128,-2010.0,-124.0,-155.0,167.0,344.0,791.0,0.0,0.0,2023.0,2015.0,2193.0
1698676365.405,74,-176,-1124,-2205.0,-209.0,-150.0,167.0,350.0,784.0,0.0,0.0,1942.0,1885.0,2113.0
1698676365.435,74,-207,-1119,-2376.0,-278.0,-141.0,167.0,356.0,776.0,0.0,0.0,1887.0,1857.0,1990.0
1698676365.451,71,-242,-1108,-2497.0,-330.0,-114.0,168.0,362.0,768.0,0.0,0.0,1868.0,1754.0,1908.0
1698676365.473,68,-283,-1098,-2605.0,-357.0,-82.0,169.0,369.0,758.0,0.0,0.0,1795.0,1499.0,1774.0
1698676365.495,69,-327,-1106,-2735.0,-344.0,-62.0,169.0,378.0,745.0,0.0,0.0,1842.0,1257.0,1661.0
1698676365.503,77,-372,-1103,-2825.0,-344.0,-53.0,170.0,387.0,733.0,0.0,0.0,1682.0,986.0,1568.0
1698676365.526,79,-419,-1113,-2898.0,-449.0,-44.0,170.0,396.0,719.0,0.0,0.0,1600.0,893.0,1532.0
1698676365.548,70,-469,-1125,-2968.0,-489.0,31.0,171.0,406.0,703.0,0.0,0.0,1520.0,449.0,1396.0
1698676365.564,40,-525,-1143,-3074.0,-537.0,136.0,172.0,416.0,687.0,0.0,0.0,1496.0,217.0,1319.0
1698676365.6,17,-582,-1152,-3146.0,-491.0,294.0,172.0,425.0,669.0,0.0,0.0,1431.0,24.0,1228.0
1698676365.608,-9,-614,-1178,-3150.0,-304.0,480.0,173.0,433.0,651.0,0.0,0.0,1319.0,0.0,996.0
1698676365.631,-49,-609,-1189,-3125.0,-30.0,732.0,173.0,441.0,631.0,0.0,0.0,1122.0,0.0,835.0
1698676365.646,-60,-554,-1147,-3046.0,317.0,1036.0,176.0,450.0,612.0,0.0,0.0,965.0,0.0,241.0
1698676365.668,-17,-551,-1071,-3008.0,304.0,1200.0,179.0,458.0,590.0,0.0,0.0,263.0,0.0,0.0
1698676365.683,33,-486,-1060,-2519.0,-104.0,776.0,182.0,465.0,568.0,0.0,0.0,474.0,0.0,0.0
1698676365.705,28,-386,-976,-1299.0,-500.0,364.0,186.0,471.0,549.0,0.0,0.0,565.0,0.0,0.0
1698676365.728,-11,-323,-913,-126.0,-423.0,450.0,189.0,475.0,535.0,0.0,0.0,557.0,0.0,0.0
1698676365.75,-38,-244,-832,812.0,48.0,971.0,192.0,478.0,526.0,0.0,0.0,447.0,0.0,0.0
1698676365.766,-20,-160,-763,1702.0,609.0,1436.0,195.0,481.0,519.0,0.0,0.0,377.0,0.0,0.0
1698676365.788,47,-99,-729,2533.0,897.0,1552.0,200.0,484.0,519.0,0.0,0.0,386.0,0.0,0.0
1698676365.803,125,-53,-711,3231.0,708.0,1165.0,206.0,486.0,523.0,0.0,0.0,483.0,0.0,0.0
1698676365.826,142,-39,-698,3737.0,279.0,547.0,211.0,488.0,533.0,0.0,0.0,462.0,0.0,0.0
1698676365.848,104,-52,-705,3887.0,221.0,105.0,215.0,488.0,546.0,0.0,0.0,496.0,0.0,0.0
1698676365.87,70,-65,-717,3929.0,734.0,-40.0,217.0,488.0,564.0,0.0,0.0,513.0,0.0,0.0
1698676365.886,71,-88,-749,3948.0,1006.0,-54.0,218.0,486.0,585.0,0.0,0.0,537.0,0.0,0.0
1698676365.908,80,-139,-807,3902.0,1136.0,-84.0,218.0,484.0,605.0,0.0,0.0,563.0,0.0,0.0
1698676365.923,79,-172,-875,3752.0,1284.0,-138.0,218.0,481.0,629.0,0.0,0.0,574.0,0.0,0.0
1698676365.946,83,-210,-973,3728.0,1385.0,-170.0,219.0,476.0,656.0,0.0,0.0,588.0,0.0,0.0
1698676365.968,78,-287,-1064,3637.0,1359.0,-253.0,223.0,469.0,684.0,0.0,0.0,610.0,0.0,0.0
1698676365.983,62,-357,-1145,3449.0,1365.0,-418.0,222.0,455.0,712.0,0.0,0.0,542.0,0.0,0.0
1698676366.005,56,-399,-1205,3301.0,1379.0,-681.0,219.0,439.0,735.0,0.0,0.0,531.0,0.0,0.0
1698676366.028,36,-424,-1247,3195.0,1264.0,-974.0,212.0,421.0,754.0,0.0,0.0,513.0,0.0,0.0
1698676366.05,-3,-433,-1276,3073.0,1212.0,-1190.0,204.0,404.0,770.0,0.0,0.0,493.0,0.0,0.0
1698676366.065,-35,-421,-1306,2965.0,1321.0,-1388.0,196.0,389.0,785.0,0.0,0.0,470.0,0.0,0.0
1698676366.11,-41,-420,-1326,2982.0,1402.0,-1644.0,188.0,372.0,800.0,0.0,0.0,461.0,0.0,0.0
1698676366.114,-41,-437,-1336,2840.0,1444.0,-1878.0,179.0,356.0,811.0,0.0,0.0,415.0,0.0,0.0
1698676366.133,-17,-439,-1334,2574.0,1396.0,-2024.0,169.0,339.0,824.0,0.0,0.0,385.0,0.0,0.0
1698676366.17,8,-420,-1321,2329.0,1065.0,-2148.0,159.0,318.0,832.0,0.0,0.0,369.0,0.0,0.0
1698676366.178,-2,-408,-1300,2080.0,683.0,-2312.0,150.0,300.0,838.0,0.0,0.0,304.0,0.0,46.0
1698676366.193,-42,-391,-1269,1772.0,564.0,-2584.0,142.0,280.0,844.0,0.0,0.0,408.0,0.0,0.0
1698676366.216,-72,-371,-1229,1563.0,592.0,-3003.0,136.0,262.0,848.0,0.0,0.0,466.0,0.0,0.0
1698676366.223,-99,-368,-1191,1356.0,603.0,-3466.0,130.0,243.0,851.0,0.0,0.0,417.0,0.0,0.0
1698676366.246,-124,-362,-1150,1093.0,632.0,-3869.0,125.0,222.0,853.0,0.0,0.0,486.0,0.0,0.0
1698676366.313,-122,-351,-1131,702.0,665.0,-4127.0,122.0,203.0,854.0,0.0,0.0,514.0,0.0,0.0
1698676366.317,-118,-343,-1104,504.0,612.0,-4263.0,119.0,183.0,852.0,0.0,0.0,480.0,0.0,0.0
1698676366.336,-125,-290,-1073,272.0,623.0,-4271.0,117.0,166.0,850.0,0.0,0.0,386.0,0.0,0.0
1698676366.343,-143,-220,-1034,268.0,727.0,-4099.0,117.0,148.0,850.0,0.0,0.0,386.0,0.0,0.0
1698676366.347,-148,-178,-1002,257.0,808.0,-3730.0,117.0,130.0,849.0,0.0,0.0,510.0,0.0,7.0
1698676366.365,-131,-147,-986,314.0,834.0,-3316.0,119.0,114.0,848.0,0.0,0.0,488.0,0.0,1.0
1698676366.388,-133,-161,-980,338.0,732.0,-2990.0,121.0,99.0,845.0,0.0,0.0,401.0,0.0,0.0
1698676366.41,-169,-168,-971,218.0,761.0,-2736.0,122.0,84.0,841.0,0.0,0.0,513.0,0.0,0.0
1698676366.433,-202,-159,-955,80.0,910.0,-2510.0,125.0,71.0,838.0,0.0,0.0,422.0,0.0,14.0
1698676366.448,-229,-147,-940,-5.0,1041.0,-2257.0,127.0,60.0,833.0,0.0,0.0,334.0,0.0,0.0
1698676366.492,-234,133,-858,-1151.0,644.0,-2841.0,128.0,51.0,831.0,0.0,94.0,494.0,0.0,0.0
1698676366.496,-149,152,-885,-1775.0,1073.0,-3339.0,129.0,46.0,831.0,190.0,484.0,443.0,0.0,0.0
1698676366.531,-36,100,-961,-2217.0,1788.0,-3496.0,129.0,43.0,831.0,701.0,704.0,491.0,0.0,0.0
1698676366.534,113,24,-1057,-2326.0,1864.0,-2787.0,128.0,43.0,833.0,1072.0,1180.0,579.0,0.0,0.0
1698676366.553,179,24,-1098,-2159.0,1509.0,-1485.0,126.0,44.0,834.0,1392.0,1325.0,625.0,0.0,0.0
1698676366.568,123,18,-1111,-1993.0,1172.0,-567.0,124.0,47.0,836.0,1405.0,1457.0,660.0,0.0,0.0
1698676366.59,77,1,-1125,-1691.0,849.0,-309.0,117.0,56.0,840.0,1376.0,1606.0,631.0,0.0,0.0
1698676366.606,62,-12,-1122,-1272.0,550.0,-171.0,110.0,67.0,843.0,1539.0,1647.0,705.0,0.0,7.0
1698676366.628,45,-25,-1109,-865.0,357.0,-74.0,105.0,75.0,848.0,1620.0,1693.0,929.0,0.0,0.0
1698676366.643,37,-37,-1096,-495.0,178.0,-30.0,105.0,78.0,850.0,1729.0,1914.0,1282.0,0.0,15.0
1698676366.672,30,-42,-1081,-280.0,100.0,5.0,107.0,80.0,853.0,1706.0,1962.0,1446.0,0.0,48.0
1698676366.696,24,-45,-1067,-177.0,39.0,27.0,109.0,81.0,856.0,1713.0,1965.0,1583.0,88.0,256.0
1698676366.717,21,-49,-1056,-137.0,-6.0,43.0,109.0,84.0,860.0,1736.0,1928.0,1712.0,4.0,662.0
1698676366.726,20,-53,-1048,-110.0,-31.0,51.0,111.0,85.0,862.0,1686.0,1830.0,1674.0,406.0,877.0
1698676366.748,20,-56,-1040,-93.0,-30.0,54.0,111.0,86.0,863.0,1725.0,1779.0,1804.0,659.0,1059.0
1698676366.77,20,-60,-1034,-78.0,-10.0,51.0,111.0,86.0,864.0,1779.0,1829.0,1818.0,830.0,1120.0
1698676366.792,19,-63,-1028,-68.0,-1.0,50.0,111.0,88.0,866.0,1691.0,1722.0,1814.0,1099.0,1182.0
1698676366.808,18,-65,-1024,-60.0,0.0,49.0,112.0,89.0,868.0,1635.0,1815.0,1849.0,1188.0,1238.0
1698676366.846,17,-66,-1021,-55.0,-16.0,46.0,111.0,90.0,870.0,1600.0,1647.0,1910.0,1347.0,1343.0
1698676366.849,18,-69,-1019,-51.0,-46.0,43.0,112.0,91.0,870.0,1552.0,1709.0,1917.0,1421.0,1494.0
1698676366.875,20,-72,-1018,-35.0,-64.0,40.0,113.0,91.0,870.0,1444.0,1505.0,1930.0,1509.0,1594.0
1698676366.897,20,-75,-1016,-11.0,-76.0,34.0,113.0,90.0,869.0,1580.0,1568.0,1954.0,1579.0,1632.0
1698676366.906,22,-76,-1013,20.0,-80.0,30.0,115.0,88.0,869.0,1568.0,1496.0,1919.0,1620.0,1736.0
1698676366.936,25,-77,-1011,48.0,-73.0,26.0,116.0,87.0,870.0,1741.0,1543.0,1903.0,1618.0,1706.0
1698676366.951,28,-78,-1010,65.0,-49.0,18.0,118.0,85.0,871.0,1702.0,1605.0,1851.0,1601.0,1688.0
1698676366.972,29,-77,-1011,65.0,-26.0,12.0,120.0,83.0,871.0,1652.0,1495.0,1796.0,1581.0,1726.0
1698676366.995,29,-76,-1012,43.0,-10.0,6.0,122.0,81.0,872.0,1656.0,1448.0,1799.0,1573.0,1713.0
1698676367.01,30,-77,-1009,35.0,-7.0,11.0,125.0,77.0,873.0,1546.0,1449.0,1727.0,1572.0,1732.0
1698676367.033,31,-77,-1009,28.0,10.0,9.0,128.0,75.0,873.0,1524.0,1420.0,1687.0,1599.0,1813.0
1698676367.048,32,-77,-1009,18.0,29.0,9.0,130.0,73.0,874.0,1618.0,1604.0,1731.0,1596.0,1804.0
1698676367.063,32,-77,-1009,17.0,36.0,11.0,133.0,71.0,873.0,1647.0,1711.0,1774.0,1597.0,1791.0
1698676367.1,34,-76,-1008,6.0,63.0,12.0,135.0,69.0,873.0,1571.0,1698.0,1771.0,1609.0,1809.0
1698676367.108,34,-76,-1011,0.0,87.0,4.0,137.0,67.0,873.0,1581.0,1682.0,1792.0,1603.0,1859.0
1698676367.138,32,-76,-1009,5.0,91.0,-1.0,139.0,66.0,874.0,1637.0,1645.0,1783.0,1610.0,1806.0
1698676367.146,30,-76,-1010,16.0,77.0,0.0,142.0,63.0,873.0,1594.0,1584.0,1717.0,1651.0,1821.0
1698676367.168,30,-77,-1007,30.0,63.0,5.0,143.0,61.0,873.0,1629.0,1584.0,1745.0,1608.0,1813.0
1698676367.198,31,-77,-1008,39.0,59.0,10.0,145.0,58.0,872.0,1644.0,1620.0,1753.0,1589.0,1820.0
1698676367.206,30,-76,-1007,36.0,72.0,13.0,146.0,56.0,872.0,1690.0,1724.0,1798.0,1618.0,1824.0
1698676367.25,31,-75,-1008,24.0,95.0,12.0,147.0,54.0,871.0,1723.0,1666.0,1800.0,1642.0,1841.0
1698676367.254,29,-76,-1007,13.0,112.0,7.0,148.0,53.0,870.0,1774.0,1697.0,1837.0,1665.0,1847.0
1698676367.273,28,-77,-1009,3.0,115.0,9.0,147.0,52.0,870.0,1791.0,1775.0,1839.0,1715.0,1812.0
1698676367.288,26,-77,-1009,5.0,100.0,12.0,148.0,49.0,869.0,1762.0,1771.0,1858.0,1778.0,1819.0
1698676367.31,24,-78,-1010,14.0,87.0,18.0,147.0,48.0,867.0,1782.0,1741.0,1904.0,1723.0,1823.0
1698676367.326,24,-79,-1010,23.0,78.0,16.0,147.0,46.0,868.0,1767.0,1784.0,1861.0,1721.0,1810.0
1698676367.348,23,-78,-1010,27.0,68.0,17.0,146.0,45.0,870.0,1803.0,1731.0,1840.0,1727.0,1833.0
1698676367.371,22,-78,-1012,32.0,56.0,22.0,146.0,44.0,868.0,1743.0,1795.0,1842.0,1727.0,1868.0
1698676367.393,24,-80,-1011,37.0,43.0,25.0,146.0,43.0,868.0,1745.0,1855.0,1860.0,1729.0,1825.0
1698676367.416,22,-79,-1011,39.0,34.0,22.0,145.0,42.0,868.0,1778.0,1864.0,1913.0,1710.0,1817.0
1698676367.437,22,-79,-1012,43.0,27.0,26.0,145.0,41.0,869.0,1789.0,1806.0,1850.0,1692.0,1791.0
1698676367.445,21,-78,-1013,45.0,22.0,28.0,144.0,41.0,869.0,1841.0,1840.0,1893.0,1677.0,1809.0
1698676367.468,22,-78,-1012,44.0,-146.0,29.0,143.0,42.0,868.0,1841.0,1902.0,1807.0,1661.0,1804.0
1698676367.49,21,-78,-1013,42.0,-74.0,33.0,142.0,42.0,868.0,1819.0,1847.0,1783.0,1601.0,1744.0
1698676367.506,22,-77,-1013,30.0,-40.0,33.0,141.0,42.0,869.0,1738.0,1830.0,1742.0,1593.0,1732.0
1698676367.528,22,-78,-1014,21.0,-26.0,34.0,140.0,42.0,869.0,1650.0,1653.0,1700.0,1547.0,1757.0
1698676367.551,22,-77,-1014,15.0,-24.0,38.0,140.0,42.0,870.0,1534.0,1637.0,1683.0,1510.0,1730.0
1698676367.566,23,-76,-1015,13.0,-31.0,40.0,139.0,42.0,871.0,1446.0,1388.0,1610.0,1464.0,1710.0
1698676367.588,30,-76,-1018,23.0,-40.0,45.0,138.0,43.0,871.0,1410.0,1229.0,1592.0,1382.0,1674.0
1698676367.61,31,-76,-1015,55.0,-40.0,37.0,137.0,44.0,870.0,1062.0,907.0,1524.0,1306.0,1641.0
1698676367.632,31,-74,-1014,96.0,-49.0,33.0,137.0,45.0,869.0,754.0,809.0,1495.0,1254.0,1640.0
1698676367.648,27,-71,-1022,156.0,-91.0,29.0,137.0,46.0,867.0,452.0,400.0,1459.0,1230.0,1643.0
1698676367.678,49,-62,-1056,143.0,-307.0,8.0,136.0,47.0,868.0,45.0,135.0,1375.0,1015.0,1637.0
1698676367.686,31,-65,-1087,-313.0,-303.0,-17.0,136.0,48.0,866.0,22.0,209.0,1376.0,829.0,1626.0
1698676367.737,39,-64,-1120,-684.0,-409.0,-31.0,137.0,49.0,866.0,11.0,182.0,1376.0,320.0,1535.0
1698676367.741,67,-63,-1137,-960.0,-526.0,-75.0,138.0,51.0,867.0,4.0,69.0,1283.0,0.0,1361.0
1698676367.746,129,-53,-1135,-1042.0,-744.0,-242.0,140.0,54.0,869.0,4.0,24.0,979.0,0.0,852.0
1698676367.768,254,-14,-1107,-828.0,-1219.0,-646.0,144.0,58.0,874.0,0.0,101.0,801.0,0.0,482.0
1698676367.79,391,-28,-1081,-301.0,-2004.0,-1334.0,149.0,61.0,879.0,0.0,4.0,648.0,0.0,167.0
1698676367.821,342,-12,-1022,396.0,-1759.0,-2179.0,157.0,62.0,884.0,0.0,1.0,676.0,0.0,83.0
1698676367.828,359,-54,-989,969.0,-851.0,-2822.0,166.0,59.0,888.0,0.0,0.0,712.0,0.0,134.0
1698676367.85,351,-105,-956,1114.0,-385.0,-3604.0,176.0,53.0,891.0,0.0,0.0,546.0,0.0,110.0
1698676367.865,308,-134,-939,950.0,86.0,-4530.0,187.0,47.0,893.0,0.0,0.0,573.0,0.0,122.0
1698676367.888,277,-137,-922,620.0,556.0,-5522.0,198.0,40.0,894.0,0.0,0.0,488.0,0.0,56.0
1698676367.91,270,-117,-908,356.0,731.0,-6431.0,211.0,33.0,895.0,0.0,0.0,584.0,0.0,124.0
1698676367.933,240,-108,-902,137.0,482.0,-6985.0,224.0,28.0,896.0,0.0,0.0,616.0,0.0,37.0
1698676367.955,185,-89,-884,-246.0,209.0,-6969.0,239.0,24.0,897.0,1.0,8.0,728.0,0.0,50.0
1698676367.977,120,-58,-860,-313.0,86.0,-6500.0,257.0,25.0,897.0,0.0,0.0,740.0,0.0,14.0
1698676368.001,56,-37,-841,-343.0,32.0,-5794.0,273.0,27.0,897.0,0.0,0.0,628.0,0.0,96.0
1698676368.008,-6,-30,-833,-394.0,42.0,-4937.0,289.0,32.0,897.0,0.0,0.0,682.0,0.0,28.0
1698676368.03,-42,-26,-855,-415.0,178.0,-4088.0,303.0,37.0,896.0,0.0,0.0,854.0,0.0,86.0
1698676368.083,-59,-24,-883,-232.0,95.0,-3402.0,317.0,43.0,895.0,0.0,0.0,852.0,0.0,109.0
1698676368.087,-96,-51,-915,-118.0,13.0,-2852.0,329.0,50.0,894.0,0.0,0.0,819.0,0.0,52.0
1698676368.105,-143,-78,-934,-90.0,12.0,-2419.0,340.0,57.0,894.0,0.0,0.0,870.0,0.0,23.0
1698676368.109,-180,-106,-936,-153.0,82.0,-2040.0,348.0,64.0,893.0,0.0,0.0,968.0,0.0,63.0
1698676368.128,-201,-124,-931,-368.0,191.0,-1670.0,355.0,70.0,893.0,0.0,0.0,1019.0,0.0,49.0
1698676368.15,8,29,-938,87.0,-529.0,-1021.0,361.0,77.0,893.0,0.0,0.0,1014.0,0.0,52.0
1698676368.166,-66,-28,-935,365.0,-413.0,-564.0,367.0,82.0,891.0,0.0,0.0,1185.0,0.0,105.0
1698676368.188,-34,-72,-959,514.0,-871.0,-595.0,373.0,86.0,890.0,0.0,0.0,1364.0,0.0,234.0
1698676368.211,-92,-85,-981,666.0,-1166.0,-423.0,379.0,88.0,887.0,0.0,0.0,1453.0,0.0,434.0
1698676368.233,-78,-101,-997,868.0,-931.0,-77.0,385.0,89.0,883.0,0.0,0.0,1658.0,309.0,663.0
1698676368.248,-74,-111,-1030,1005.0,-784.0,75.0,392.0,88.0,879.0,0.0,0.0,1730.0,1028.0,917.0
1698676368.27,-35,-115,-1041,1055.0,-598.0,113.0,397.0,86.0,873.0,0.0,0.0,1770.0,1278.0,1156.0
1698676368.293,-8,-111,-1064,1036.0,-366.0,72.0,403.0,82.0,870.0,0.0,1.0,1859.0,1412.0,1266.0
1698676368.316,-6,-106,-1081,938.0,-221.0,31.0,407.0,78.0,867.0,38.0,0.0,1874.0,1510.0,1383.0
1698676368.338,-3,-98,-1101,585.0,-245.0,44.0,410.0,75.0,863.0,40.0,25.0,1912.0,1595.0,1540.0
1698676368.346,-2,-96,-1088,295.0,-173.0,44.0,413.0,72.0,860.0,5.0,286.0,1937.0,1671.0,1562.0
1698676368.376,3,-94,-1077,151.0,-110.0,41.0,415.0,70.0,857.0,61.0,355.0,1952.0,1666.0,1634.0
1698676368.39,6,-92,-1063,76.0,-41.0,36.0,417.0,69.0,856.0,57.0,365.0,1974.0,1680.0,1632.0
1698676368.405,7,-93,-1052,38.0,0.0,32.0,418.0,69.0,855.0,138.0,682.0,1959.0,1659.0,1660.0
1698676368.428,9,-94,-1042,38.0,17.0,32.0,419.0,69.0,854.0,328.0,856.0,1940.0,1653.0,1704.0
1698676368.458,11,-93,-1037,64.0,34.0,19.0,419.0,69.0,853.0,600.0,955.0,1915.0,1637.0,1692.0
1698676368.465,12,-92,-1035,89.0,23.0,19.0,418.0,69.0,855.0,944.0,1003.0,1899.0,1628.0,1700.0
1698676368.488,14,-91,-1031,97.0,18.0,17.0,419.0,69.0,856.0,1001.0,1188.0,1894.0,1644.0,1738.0
1698676368.511,15,-90,-1026,104.0,34.0,10.0,419.0,70.0,857.0,1131.0,1391.0,1871.0,1635.0,1729.0
1698676368.526,15,-89,-1023,98.0,56.0,10.0,419.0,70.0,858.0,1250.0,1250.0,1889.0,1626.0,1737.0
1698676368.548,15,-88,-1023,93.0,66.0,7.0,419.0,70.0,860.0,1326.0,1305.0,1868.0,1579.0,1706.0
1698676368.57,14,-87,-1021,84.0,59.0,13.0,418.0,71.0,861.0,1339.0,1341.0,1924.0,1582.0,1715.0
1698676368.586,14,-85,-1019,68.0,41.0,16.0,417.0,72.0,861.0,1526.0,1423.0,1943.0,1589.0,1726.0
1698676368.638,16,-84,-1017,50.0,27.0,15.0,417.0,72.0,863.0,1575.0,1479.0,1899.0,1579.0,1733.0
1698676368.642,17,-84,-1015,46.0,24.0,17.0,416.0,73.0,863.0,1612.0,1569.0,1899.0,1598.0,1746.0
1698676368.653,18,-84,-1016,42.0,36.0,15.0,416.0,72.0,865.0,1597.0,1547.0,1930.0,1609.0,1758.0
1698676368.668,18,-84,-1015,40.0,54.0,13.0,415.0,72.0,865.0,1614.0,1564.0,1898.0,1546.0,1724.0
1698676368.698,16,-83,-1011,46.0,57.0,13.0,416.0,73.0,864.0,1613.0,1515.0,1853.0,1439.0,1558.0
1698676368.706,16,-83,-1012,50.0,54.0,13.0,416.0,73.0,865.0,1617.0,1559.0,1857.0,1308.0,1481.0
1698676368.735,17,-82,-1011,48.0,57.0,10.0,416.0,73.0,866.0,1613.0,1649.0,1775.0,1135.0,1366.0
1698676368.75,17,-81,-1011,43.0,66.0,7.0,416.0,73.0,866.0,1626.0,1679.0,1764.0,933.0,1377.0
1698676368.766,17,-81,-1010,36.0,64.0,4.0,416.0,73.0,867.0,1588.0,1635.0,1684.0,751.0,1203.0
1698676368.788,15,-80,-1008,38.0,46.0,7.0,415.0,72.0,868.0,1634.0,1691.0,1673.0,665.0,1124.0
1698676368.81,16,-79,-1008,34.0,31.0,12.0,415.0,72.0,869.0,1644.0,1654.0,1658.0,664.0,1119.0
1698676368.825,16,-78,-1010,19.0,27.0,15.0,415.0,73.0,869.0,1647.0,1674.0,1658.0,826.0,1184.0
1698676368.848,17,-78,-1010,0.0,29.0,18.0,415.0,73.0,869.0,1645.0,1628.0,1655.0,929.0,1255.0
1698676368.87,16,-78,-1009,-5.0,21.0,20.0,415.0,73.0,869.0,1634.0,1632.0,1655.0,952.0,1303.0
1698676368.886,17,-80,-1006,0.0,24.0,22.0,415.0,73.0,869.0,1638.0,1593.0,1672.0,1007.0,1324.0
1698676368.908,17,-80,-1006,12.0,37.0,21.0,416.0,73.0,869.0,1664.0,1599.0,1750.0,1157.0,1390.0
1698676368.93,17,-81,-1009,22.0,37.0,20.0,415.0,74.0,868.0,1675.0,1612.0,1760.0,1109.0,1391.0
1698676368.952,17,-82,-1009,28.0,44.0,17.0,416.0,75.0,868.0,1678.0,1619.0,1738.0,1053.0,1359.0
1698676368.976,16,-82,-1009,40.0,47.0,17.0,416.0,76.0,866.0,1680.0,1633.0,1730.0,1036.0,1310.0
1698676368.991,17,-80,-1010,48.0,48.0,17.0,415.0,76.0,865.0,1705.0,1696.0,1731.0,961.0,1165.0
1698676369.006,18,-80,-1010,39.0,54.0,16.0,415.0,77.0,866.0,1674.0,1734.0,1736.0,861.0,969.0
1698676369.028,18,-80,-1010,44.0,69.0,12.0,413.0,78.0,866.0,1681.0,1821.0,1742.0,588.0,832.0
1698676369.058,17,-79,-1010,47.0,68.0,11.0,411.0,79.0,866.0,1711.0,1823.0,1758.0,393.0,676.0
1698676369.065,17,-78,-1010,46.0,60.0,13.0,410.0,79.0,865.0,1697.0,1828.0,1710.0,297.0,682.0
1698676369.088,16,-78,-1011,37.0,53.0,12.0,408.0,81.0,865.0,1646.0,1869.0,1742.0,270.0,648.0
1698676369.11,15,-79,-1009,30.0,46.0,13.0,408.0,82.0,865.0,1636.0,1838.0,1753.0,258.0,679.0
1698676369.126,16,-78,-1009,31.0,33.0,14.0,406.0,84.0,865.0,1618.0,1879.0,1743.0,355.0,647.0
1698676369.148,15,-79,-1010,32.0,25.0,13.0,405.0,86.0,864.0,1670.0,1904.0,1715.0,261.0,646.0
1698676369.185,16,-79,-1011,38.0,19.0,12.0,404.0,87.0,863.0,1670.0,1846.0,1675.0,282.0,672.0
1698676369.189,16,-78,-1011,35.0,17.0,12.0,404.0,88.0,863.0,1723.0,1875.0,1660.0,307.0,671.0
1698676369.208,16,-79,-1011,33.0,18.0,9.0,403.0,89.0,863.0,1758.0,1875.0,1702.0,274.0,900.0
1698676369.23,19,-79,-1010,33.0,20.0,11.0,403.0,91.0,864.0,1794.0,1897.0,1680.0,435.0,729.0
1698676369.253,19,-78,-1011,31.0,26.0,13.0,403.0,90.0,865.0,1871.0,1909.0,1718.0,449.0,719.0
1698676369.268,19,-78,-1010,29.0,29.0,15.0,403.0,91.0,865.0,1822.0,1941.0,1746.0,442.0,724.0
1698676369.29,20,-79,-1010,18.0,28.0,13.0,404.0,90.0,865.0,1821.0,1961.0,1750.0,355.0,758.0
1698676369.313,21,-78,-1011,10.0,29.0,12.0,404.0,91.0,865.0,1857.0,1942.0,1768.0,413.0,742.0
1698676369.328,21,-78,-1011,3.0,30.0,11.0,405.0,89.0,865.0,1866.0,1913.0,1743.0,456.0,787.0
1698676369.35,22,-79,-1012,-5.0,36.0,11.0,404.0,89.0,866.0,1865.0,1913.0,1715.0,517.0,820.0
1698676369.365,21,-78,-1013,-27.0,36.0,9.0,405.0,87.0,867.0,1713.0,1768.0,1665.0,557.0,863.0
1698676369.388,21,-78,-1013,-58.0,18.0,12.0,408.0,85.0,868.0,1501.0,1526.0,1623.0,671.0,1025.0
1698676369.411,19,-81,-1010,-43.0,-6.0,23.0,411.0,82.0,867.0,1347.0,1301.0,1625.0,840.0,1116.0
1698676369.426,19,-82,-1008,-4.0,-19.0,24.0,414.0,80.0,865.0,1260.0,1020.0,1613.0,845.0,1129.0
1698676369.448,20,-83,-1009,22.0,-9.0,18.0,416.0,78.0,864.0,1153.0,991.0,1611.0,896.0,1138.0
1698676369.47,21,-83,-1010,40.0,9.0,14.0,418.0,75.0,863.0,898.0,833.0,1623.0,779.0,1141.0
1698676369.485,22,-83,-1012,52.0,10.0,16.0,420.0,73.0,861.0,636.0,700.0,1640.0,763.0,1141.0
1698676369.515,22,-82,-1013,61.0,7.0,16.0,421.0,71.0,860.0,210.0,891.0,1612.0,734.0,1142.0
1698676369.53,22,-82,-1009,58.0,31.0,15.0,423.0,70.0,857.0,398.0,798.0,1558.0,676.0,1098.0
1698676369.545,21,-82,-1009,56.0,43.0,13.0,424.0,68.0,856.0,151.0,808.0,1583.0,682.0,1096.0
1698676369.568,20,-81,-1010,54.0,40.0,13.0,425.0,67.0,855.0,218.0,791.0,1537.0,514.0,1070.0
1698676369.59,20,-81,-1011,49.0,33.0,16.0,425.0,67.0,854.0,219.0,781.0,1518.0,489.0,1018.0
1698676369.605,21,-79,-1011,47.0,32.0,14.0,425.0,66.0,853.0,179.0,787.0,1480.0,399.0,1001.0
1698676369.628,21,-78,-1011,47.0,32.0,15.0,425.0,65.0,852.0,114.0,762.0,1472.0,369.0,1003.0
1698676369.658,22,-78,-1011,44.0,40.0,13.0,425.0,63.0,851.0,194.0,819.0,1488.0,354.0,1023.0
1698676369.672,21,-78,-1011,41.0,45.0,13.0,426.0,62.0,850.0,70.0,815.0,1488.0,299.0,907.0
1698676369.688,21,-77,-1013,44.0,44.0,13.0,425.0,61.0,849.0,90.0,888.0,1496.0,239.0,887.0
1698676369.71,21,-77,-1012,42.0,48.0,12.0,425.0,60.0,848.0,120.0,905.0,1482.0,181.0,791.0
1698676369.74,19,-77,-1013,42.0,49.0,12.0,425.0,60.0,848.0,234.0,910.0,1469.0,197.0,661.0
1698676369.748,19,-76,-1013,41.0,48.0,14.0,426.0,60.0,848.0,137.0,908.0,1471.0,115.0,655.0
1698676369.77,19,-76,-1014,39.0,46.0,12.0,425.0,60.0,848.0,158.0,920.0,1489.0,81.0,576.0
1698676369.793,19,-76,-1014,41.0,46.0,14.0,425.0,60.0,848.0,163.0,940.0,1511.0,63.0,574.0
1698676369.808,19,-76,-1013,38.0,44.0,16.0,424.0,60.0,847.0,152.0,920.0,1479.0,80.0,496.0
1698676369.831,18,-75,-1014,37.0,42.0,15.0,424.0,60.0,847.0,145.0,938.0,1491.0,103.0,500.0
1698676369.845,18,-75,-1015,34.0,35.0,16.0,423.0,60.0,847.0,182.0,958.0,1522.0,41.0,424.0
1698676369.868,18,-74,-1016,35.0,33.0,13.0,423.0,61.0,847.0,179.0,957.0,1519.0,28.0,450.0
1698676369.89,17,-74,-1017,32.0,28.0,14.0,422.0,60.0,847.0,117.0,952.0,1508.0,18.0,537.0
1698676369.913,16,-74,-1017,29.0,28.0,15.0,422.0,61.0,847.0,116.0,933.0,1503.0,22.0,506.0
1698676369.935,17,-73,-1016,29.0,26.0,16.0,422.0,60.0,848.0,83.0,948.0,1517.0,27.0,480.0
1698676369.958,16,-74,-1015,29.0,25.0,16.0,422.0,60.0,848.0,187.0,927.0,1517.0,21.0,511.0
1698676369.965,16,-73,-1015,28.0,22.0,16.0,421.0,61.0,848.0,119.0,956.0,1529.0,22.0,530.0
1698676369.995,16,-73,-1015,30.0,22.0,15.0,421.0,60.0,848.0,187.0,944.0,1523.0,19.0,539.0
1698676370.01,15,-73,-1014,31.0,25.0,16.0,420.0,60.0,847.0,154.0,935.0,1526.0,17.0,498.0
1698676370.033,15,-72,-1014,32.0,24.0,13.0,420.0,60.0,848.0,107.0,924.0,1518.0,7.0,466.0
1698676370.048,15,-72,-1015,30.0,22.0,14.0,420.0,59.0,848.0,207.0,910.0,1506.0,2.0,483.0
1698676370.07,15,-72,-1016,29.0,19.0,16.0,420.0,59.0,849.0,148.0,945.0,1518.0,2.0,530.0
1698676370.093,15,-72,-1016,27.0,21.0,14.0,420.0,59.0,850.0,268.0,967.0,1508.0,0.0,548.0
1698676370.108,15,-72,-1016,27.0,18.0,17.0,420.0,59.0,849.0,145.0,954.0,1527.0,0.0,524.0
1698676370.138,14,-72,-1016,29.0,15.0,17.0,420.0,60.0,849.0,343.0,903.0,1499.0,0.0,518.0
1698676370.145,14,-72,-1016,30.0,19.0,14.0,421.0,59.0,849.0,444.0,922.0,1516.0,0.0,516.0
1698676370.169,14,-72,-1015,33.0,18.0,14.0,421.0,59.0,847.0,357.0,914.0,1522.0,0.0,560.0
1698676370.191,13,-72,-1016,29.0,18.0,15.0,421.0,59.0,848.0,352.0,926.0,1505.0,0.0,537.0
1698676370.213,14,-72,-1016,28.0,19.0,14.0,421.0,59.0,849.0,346.0,885.0,1477.0,0.0,554.0
1698676370.235,14,-72,-1016,30.0,21.0,13.0,421.0,60.0,848.0,388.0,893.0,1495.0,0.0,567.0
1698676370.25,14,-72,-1017,30.0,19.0,13.0,421.0,59.0,846.0,370.0,886.0,1482.0,0.0,564.0
1698676370.265,14,-72,-1017,32.0,19.0,14.0,421.0,59.0,845.0,325.0,887.0,1520.0,0.0,606.0
1698676370.295,14,-71,-1017,31.0,22.0,13.0,421.0,61.0,844.0,312.0,897.0,1502.0,0.0,570.0
1698676370.318,14,-71,-1017,29.0,22.0,14.0,421.0,61.0,845.0,375.0,906.0,1488.0,0.0,536.0
1698676370.326,15,-72,-1016,30.0,19.0,15.0,421.0,61.0,844.0,354.0,908.0,1490.0,0.0,544.0
1698676370.348,15,-72,-1016,29.0,20.0,16.0,421.0,61.0,845.0,371.0,915.0,1566.0,0.0,439.0
1698676370.37,15,-72,-1016,27.0,19.0,16.0,421.0,60.0,847.0,371.0,905.0,1577.0,0.0,359.0
1698676370.393,14,-72,-1016,26.0,17.0,15.0,422.0,60.0,847.0,365.0,903.0,1564.0,0.0,359.0
1698676370.408,14,-72,-1017,31.0,21.0,12.0,421.0,59.0,848.0,405.0,913.0,1594.0,0.0,361.0
1698676370.43,14,-73,-1017,30.0,23.0,12.0,422.0,59.0,849.0,400.0,906.0,1527.0,0.0,354.0
1698676370.453,14,-73,-1017,26.0,22.0,13.0,422.0,60.0,848.0,339.0,909.0,1516.0,0.0,342.0
1698676370.468,13,-73,-1017,25.0,22.0,14.0,422.0,60.0,849.0,358.0,910.0,1523.0,0.0,331.0
1698676370.491,13,-73,-1017,27.0,20.0,15.0,422.0,60.0,849.0,392.0,910.0,1510.0,0.0,343.0
1698676370.512,14,-72,-1017,27.0,18.0,17.0,422.0,61.0,849.0,362.0,935.0,1514.0,0.0,355.0
1698676370.528,15,-72,-1016,28.0,17.0,16.0,422.0,61.0,849.0,340.0,943.0,1533.0,13.0,355.0
1698676370.55,15,-72,-1016,27.0,16.0,16.0,423.0,60.0,848.0,281.0,946.0,1548.0,0.0,362.0
1698676370.573,14,-72,-1016,26.0,16.0,16.0,423.0,61.0,848.0,272.0,948.0,1552.0,0.0,348.0
1698676370.588,14,-72,-1017,27.0,19.0,19.0,422.0,60.0,849.0,364.0,940.0,1527.0,0.0,326.0
1698676370.618,13,-72,-1016,26.0,21.0,16.0,422.0,60.0,849.0,374.0,949.0,1529.0,0.0,390.0
1698676370.626,14,-72,-1018,27.0,24.0,15.0,422.0,60.0,850.0,355.0,945.0,1515.0,15.0,387.0
1698676370.648,13,-72,-1018,26.0,19.0,15.0,423.0,60.0,850.0,371.0,945.0,1522.0,0.0,401.0
1698676370.671,13,-71,-1017,27.0,18.0,16.0,423.0,60.0,850.0,410.0,957.0,1529.0,6.0,342.0
1698676370.685,13,-72,-1017,28.0,21.0,18.0,422.0,60.0,850.0,408.0,944.0,1520.0,10.0,386.0
1698676370.708,14,-71,-1018,26.0,19.0,17.0,423.0,60.0,851.0,366.0,962.0,1530.0,11.0,351.0
1698676370.73,14,-72,-1017,26.0,19.0,15.0,422.0,60.0,850.0,388.0,966.0,1535.0,0.0,352.0
1698676370.753,13,-72,-1018,28.0,20.0,14.0,422.0,60.0,849.0,361.0,962.0,1535.0,0.0,383.0
1698676370.768,13,-71,-1017,25.0,18.0,15.0,422.0,61.0,849.0,389.0,954.0,1537.0,0.0,363.0
1698676370.791,14,-70,-1018,29.0,16.0,14.0,423.0,60.0,848.0,332.0,965.0,1548.0,0.0,359.0
1698676370.813,14,-71,-1017,28.0,15.0,15.0,423.0,61.0,848.0,288.0,981.0,1559.0,0.0,361.0
1698676370.828,14,-71,-1016,29.0,15.0,16.0,424.0,61.0,847.0,206.0,974.0,1565.0,6.0,355.0
1698676370.85,14,-71,-1016,27.0,17.0,17.0,424.0,61.0,845.0,254.0,967.0,1560.0,15.0,395.0
1698676370.873,14,-71,-1016,28.0,15.0,18.0,423.0,62.0,845.0,282.0,981.0,1564.0,15.0,347.0
1698676370.896,14,-72,-1016,27.0,17.0,16.0,422.0,62.0,845.0,370.0,971.0,1563.0,10.0,343.0
1698676370.918,14,-72,-1015,28.0,19.0,16.0,422.0,63.0,845.0,362.0,984.0,1566.0,51.0,338.0
1698676370.933,15,-72,-1016,28.0,17.0,15.0,422.0,63.0,846.0,365.0,981.0,1569.0,33.0,339.0
1698676370.948,15,-72,-1015,28.0,20.0,16.0,421.0,63.0,846.0,238.0,991.0,1575.0,41.0,342.0
1698676370.978,15,-72,-1015,29.0,19.0,13.0,421.0,63.0,846.0,252.0,987.0,1583.0,55.0,339.0
1698676370.992,15,-72,-1015,27.0,18.0,14.0,421.0,63.0,847.0,365.0,973.0,1594.0,59.0,336.0
1698676371.008,15,-72,-1016,26.0,20.0,14.0,421.0,63.0,848.0,456.0,957.0,1591.0,61.0,330.0
1698676371.03,15,-72,-1016,28.0,16.0,12.0,421.0,63.0,848.0,475.0,959.0,1598.0,62.0,328.0
1698676371.052,15,-72,-1016,28.0,16.0,15.0,421.0,63.0,849.0,500.0,969.0,1596.0,70.0,328.0
1698676371.068,14,-72,-1017,29.0,17.0,15.0,420.0,62.0,850.0,460.0,984.0,1600.0,51.0,333.0
1698676371.091,14,-72,-1017,26.0,15.0,15.0,420.0,62.0,850.0,456.0,1002.0,1600.0,53.0,326.0
1698676371.112,15,-72,-1016,29.0,14.0,16.0,420.0,62.0,850.0,471.0,1024.0,1611.0,78.0,327.0
1698676371.128,15,-72,-1016,30.0,14.0,16.0,421.0,62.0,849.0,494.0,1020.0,1618.0,25.0,331.0
1698676371.15,14,-72,-1017,29.0,13.0,18.0,423.0,62.0,849.0,485.0,1011.0,1614.0,23.0,333.0
1698676371.173,13,-71,-1016,28.0,10.0,14.0,423.0,62.0,849.0,493.0,1006.0,1606.0,21.0,357.0
1698676371.203,14,-71,-1017,30.0,9.0,20.0,423.0,61.0,849.0,480.0,992.0,1583.0,21.0,385.0
1698676371.21,14,-71,-1017,29.0,10.0,18.0,423.0,62.0,848.0,496.0,964.0,1606.0,29.0,374.0
1698676371.233,14,-71,-1016,27.0,10.0,15.0,422.0,62.0,847.0,506.0,938.0,1579.0,41.0,405.0
1698676371.248,14,-71,-1016,29.0,14.0,18.0,421.0,62.0,848.0,517.0,919.0,1583.0,26.0,398.0
1698676371.271,14,-72,-1016,29.0,14.0,19.0,421.0,62.0,848.0,520.0,942.0,1598.0,26.0,399.0
1698676371.301,14,-72,-1017,29.0,17.0,16.0,422.0,62.0,847.0,517.0,937.0,1586.0,6.0,425.0
1698676371.308,14,-73,-1017,29.0,19.0,18.0,422.0,62.0,847.0,510.0,942.0,1604.0,6.0,397.0
1698676371.33,14,-72,-1016,29.0,21.0,19.0,422.0,62.0,847.0,516.0,939.0,1609.0,2.0,378.0
1698676371.352,14,-72,-1017,28.0,18.0,18.0,424.0,61.0,846.0,525.0,958.0,1617.0,10.0,363.0
1698676371.368,14,-72,-1016,27.0,20.0,16.0,423.0,61.0,846.0,540.0,968.0,1619.0,10.0,357.0
1698676371.391,14,-72,-1017,27.0,19.0,16.0,423.0,62.0,846.0,540.0,957.0,1614.0,0.0,384.0
1698676371.412,14,-71,-1016,28.0,19.0,14.0,424.0,61.0,846.0,540.0,976.0,1626.0,0.0,372.0
1698676371.428,14,-71,-1015,30.0,20.0,15.0,424.0,61.0,847.0,543.0,968.0,1623.0,1.0,355.0
1698676371.451,15,-71,-1015,28.0,20.0,13.0,424.0,61.0,847.0,535.0,960.0,1623.0,1.0,372.0
1698676371.473,14,-72,-1015,28.0,19.0,14.0,424.0,60.0,846.0,523.0,961.0,1626.0,0.0,355.0
1698676371.488,14,-72,-1016,29.0,19.0,13.0,424.0,61.0,846.0,532.0,961.0,1622.0,0.0,370.0
1698676371.51,14,-72,-1016,26.0,19.0,13.0,424.0,61.0,844.0,527.0,959.0,1612.0,0.0,445.0
1698676371.533,15,-72,-1016,25.0,16.0,16.0,424.0,61.0,844.0,532.0,960.0,1610.0,0.0,397.0
1698676371.555,14,-72,-1015,26.0,17.0,17.0,424.0,61.0,843.0,519.0,965.0,1604.0,0.0,408.0
1698676371.578,14,-72,-1015,27.0,17.0,16.0,426.0,61.0,843.0,527.0,969.0,1604.0,3.0,378.0
1698676371.6,14,-72,-1016,28.0,16.0,14.0,427.0,61.0,844.0,517.0,972.0,1601.0,4.0,365.0
1698676371.608,14,-72,-1016,30.0,17.0,15.0,427.0,61.0,844.0,510.0,962.0,1606.0,15.0,390.0
1698676371.631,15,-73,-1016,28.0,18.0,15.0,427.0,61.0,844.0,511.0,968.0,1606.0,17.0,393.0
1698676371.653,15,-72,-1016,27.0,19.0,12.0,427.0,61.0,844.0,518.0,972.0,1610.0,18.0,407.0
1698676371.668,15,-72,-1015,25.0,21.0,13.0,427.0,60.0,847.0,522.0,972.0,1611.0,23.0,409.0
1698676371.69,14,-72,-1015,26.0,19.0,16.0,427.0,59.0,848.0,531.0,974.0,1617.0,20.0,406.0
1698676371.713,15,-72,-1016,27.0,21.0,17.0,426.0,60.0,848.0,532.0,968.0,1625.0,17.0,410.0
1698676371.728,15,-72,-1016,27.0,21.0,16.0,426.0,60.0,849.0,593.0,967.0,1615.0,20.0,412.0
1698676371.751,16,-72,-1016,30.0,22.0,15.0,426.0,61.0,849.0,557.0,967.0,1616.0,8.0,410.0
1698676371.772,15,-72,-1016,29.0,24.0,15.0,426.0,61.0,848.0,617.0,936.0,1606.0,2.0,412.0
1698676371.788,16,-72,-1016,28.0,25.0,13.0,425.0,62.0,848.0,626.0,937.0,1596.0,2.0,420.0
1698676371.811,16,-73,-1015,27.0,19.0,15.0,424.0,62.0,848.0,616.0,972.0,1607.0,1.0,408.0
1698676371.833,16,-72,-1015,26.0,18.0,15.0,424.0,61.0,849.0,443.0,1007.0,1632.0,0.0,417.0
1698676371.856,14,-72,-1016,28.0,19.0,15.0,424.0,62.0,848.0,595.0,1019.0,1592.0,2.0,414.0
1698676371.878,14,-72,-1016,27.0,17.0,14.0,424.0,62.0,847.0,640.0,979.0,1580.0,9.0,427.0
1698676371.892,14,-72,-1016,26.0,14.0,12.0,424.0,62.0,847.0,413.0,1016.0,1569.0,19.0,434.0
1698676371.908,14,-72,-1016,26.0,16.0,14.0,423.0,62.0,847.0,375.0,909.0,1585.0,11.0,453.0
1698676371.93,14,-73,-1016,29.0,15.0,14.0,423.0,62.0,847.0,371.0,911.0,1594.0,20.0,466.0
1698676371.953,13,-73,-1015,31.0,17.0,15.0,423.0,61.0,848.0,212.0,924.0,1602.0,14.0,481.0
1698676371.968,13,-73,-1015,28.0,14.0,16.0,423.0,62.0,848.0,299.0,928.0,1596.0,25.0,490.0
1698676371.99,13,-73,-1015,27.0,13.0,16.0,423.0,62.0,847.0,347.0,884.0,1570.0,26.0,524.0
1698676372.012,14,-72,-1015,28.0,14.0,15.0,424.0,61.0,847.0,340.0,917.0,1576.0,20.0,529.0
1698676372.028,13,-72,-1016,30.0,15.0,16.0,424.0,61.0,847.0,285.0,943.0,1578.0,22.0,539.0
1698676372.051,14,-71,-1016,28.0,13.0,16.0,425.0,62.0,846.0,217.0,943.0,1584.0,24.0,557.0
1698676372.073,14,-72,-1016,28.0,14.0,18.0,425.0,62.0,846.0,273.0,926.0,1582.0,23.0,568.0
1698676372.088,14,-71,-1016,27.0,14.0,20.0,425.0,62.0,846.0,307.0,943.0,1572.0,20.0,567.0
1698676372.111,15,-71,-1015,27.0,11.0,22.0,425.0,62.0,845.0,332.0,939.0,1641.0,26.0,566.0
1698676372.133,15,-72,-1015,26.0,12.0,17.0,425.0,61.0,844.0,348.0,978.0,1631.0,27.0,576.0
1698676372.156,15,-72,-1015,25.0,12.0,19.0,426.0,60.0,844.0,374.0,965.0,1599.0,30.0,562.0
1698676372.171,15,-73,-1015,25.0,16.0,17.0,426.0,61.0,846.0,285.0,961.0,1610.0,27.0,587.0
1698676372.192,15,-72,-1016,25.0,15.0,17.0,426.0,61.0,846.0,341.0,965.0,1595.0,27.0,660.0
1698676372.208,15,-72,-1015,28.0,16.0,17.0,426.0,61.0,846.0,280.0,990.0,1598.0,27.0,664.0
1698676372.238,15,-72,-1016,28.0,19.0,14.0,426.0,61.0,846.0,367.0,991.0,1597.0,25.0,664.0
1698676372.26,15,-72,-1015,29.0,18.0,16.0,426.0,61.0,845.0,375.0,1000.0,1564.0,26.0,656.0
1698676372.268,15,-72,-1016,29.0,20.0,17.0,427.0,61.0,844.0,319.0,1019.0,1576.0,30.0,645.0
1698676372.29,15,-72,-1016,27.0,21.0,16.0,427.0,62.0,843.0,343.0,1038.0,1575.0,33.0,664.0
1698676372.313,15,-72,-1016,29.0,18.0,15.0,426.0,62.0,843.0,369.0,1023.0,1574.0,25.0,649.0
1698676372.328,16,-73,-1016,28.0,17.0,12.0,425.0,62.0,843.0,355.0,1025.0,1584.0,26.0,613.0
1698676372.351,15,-73,-1016,27.0,18.0,13.0,425.0,63.0,842.0,334.0,1014.0,1596.0,20.0,595.0
1698676372.38,15,-72,-1017,28.0,17.0,13.0,425.0,63.0,840.0,345.0,1023.0,1598.0,19.0,576.0
1698676372.388,15,-72,-1015,27.0,19.0,13.0,424.0,63.0,840.0,379.0,1029.0,1596.0,12.0,559.0
1698676372.411,15,-72,-1015,31.0,14.0,13.0,424.0,63.0,838.0,389.0,1022.0,1594.0,16.0,532.0
1698676372.433,14,-73,-1016,30.0,16.0,13.0,424.0,63.0,839.0,381.0,1012.0,1594.0,15.0,542.0
1698676372.462,15,-73,-1016,27.0,15.0,15.0,424.0,63.0,840.0,357.0,1012.0,1589.0,19.0,554.0
1698676372.47,15,-73,-1016,26.0,17.0,15.0,424.0,63.0,840.0,351.0,1005.0,1586.0,20.0,568.0
1698676372.493,15,-73,-1016,27.0,17.0,19.0,424.0,63.0,841.0,322.0,1016.0,1580.0,24.0,578.0
1698676372.516,15,-72,-1015,27.0,15.0,17.0,424.0,63.0,842.0,293.0,1018.0,1584.0,26.0,586.0
1698676372.53,15,-72,-1016,30.0,16.0,16.0,424.0,63.0,844.0,282.0,1011.0,1579.0,22.0,585.0
1698676372.56,14,-72,-1016,27.0,18.0,16.0,424.0,63.0,843.0,284.0,1002.0,1581.0,29.0,578.0
1698676372.568,14,-72,-1017,31.0,18.0,14.0,424.0,64.0,842.0,290.0,1011.0,1586.0,27.0,577.0
1698676372.591,13,-72,-1017,31.0,17.0,16.0,424.0,64.0,841.0,292.0,1014.0,1587.0,29.0,564.0
1698676372.613,14,-71,-1016,28.0,15.0,15.0,424.0,64.0,842.0,302.0,1006.0,1584.0,27.0,559.0
1698676372.628,14,-71,-1015,27.0,18.0,15.0,424.0,64.0,842.0,291.0,1001.0,1587.0,32.0,555.0
1698676372.651,14,-71,-1016,28.0,15.0,14.0,424.0,64.0,840.0,300.0,1009.0,1584.0,35.0,550.0
1698676372.673,14,-71,-1015,26.0,15.0,14.0,423.0,64.0,840.0,315.0,1007.0,1585.0,21.0,531.0
1698676372.688,14,-71,-1015,26.0,17.0,15.0,423.0,64.0,840.0,315.0,1027.0,1581.0,21.0,529.0
1698676372.71,14,-71,-1015,27.0,15.0,15.0,424.0,64.0,841.0,302.0,1049.0,1579.0,22.0,530.0
1698676372.733,15,-72,-1015,28.0,15.0,16.0,424.0,63.0,841.0,298.0,1034.0,1577.0,29.0,547.0
1698676372.748,15,-72,-1016,28.0,16.0,16.0,424.0,63.0,841.0,272.0,1050.0,1579.0,37.0,530.0
1698676372.771,16,-72,-1015,27.0,19.0,14.0,424.0,62.0,841.0,267.0,1062.0,1584.0,40.0,524.0
1698676372.793,16,-73,-1015,26.0,21.0,14.0,423.0,62.0,841.0,302.0,1076.0,1581.0,43.0,525.0
1698676372.816,16,-72,-1016,29.0,21.0,15.0,424.0,62.0,841.0,313.0,1073.0,1585.0,42.0,522.0
1698676372.838,16,-72,-1016,31.0,20.0,14.0,424.0,63.0,842.0,308.0,1089.0,1575.0,131.0,518.0
1698676372.86,15,-72,-1016,30.0,20.0,15.0,424.0,62.0,843.0,341.0,1082.0,1587.0,37.0,517.0
1698676372.868,15,-71,-1016,29.0,19.0,15.0,424.0,63.0,842.0,348.0,1102.0,1581.0,43.0,509.0
1698676372.89,15,-71,-1017,29.0,18.0,17.0,424.0,63.0,841.0,306.0,1108.0,1576.0,47.0,512.0
1698676372.913,16,-72,-1017,28.0,18.0,17.0,424.0,63.0,842.0,335.0,1132.0,1589.0,49.0,517.0
1698676372.935,16,-71,-1017,28.0,19.0,18.0,424.0,64.0,841.0,312.0,1138.0,1589.0,48.0,519.0
1698676372.951,16,-72,-1016,28.0,15.0,17.0,425.0,65.0,842.0,347.0,1142.0,1588.0,46.0,527.0
1698676372.973,16,-71,-1016,28.0,17.0,14.0,424.0,66.0,842.0,362.0,1131.0,1590.0,44.0,531.0
1698676372.988,16,-71,-1017,30.0,17.0,16.0,424.0,66.0,842.0,351.0,1126.0,1593.0,47.0,539.0
1698676373.01,16,-71,-1016,28.0,15.0,17.0,423.0,66.0,841.0,323.0,1146.0,1602.0,53.0,555.0
1698676373.033,15,-71,-1016,28.0,15.0,21.0,423.0,66.0,841.0,318.0,1143.0,1603.0,52.0,554.0
1698676373.048,16,-71,-1016,32.0,16.0,17.0,423.0,66.0,841.0,311.0,1161.0,1600.0,50.0,551.0
1698676373.071,17,-71,-1017,29.0,17.0,15.0,423.0,66.0,842.0,301.0,1158.0,1604.0,48.0,546.0
1698676373.093,17,-71,-1016,28.0,17.0,15.0,423.0,65.0,842.0,270.0,1146.0,1600.0,50.0,543.0
1698676373.116,16,-72,-1016,30.0,16.0,15.0,424.0,65.0,843.0,324.0,1177.0,1605.0,54.0,529.0
1698676373.138,15,-71,-1017,28.0,16.0,13.0,424.0,65.0,843.0,301.0,1212.0,1611.0,53.0,538.0
1698676373.153,15,-72,-1017,27.0,17.0,15.0,424.0,65.0,842.0,305.0,1220.0,1616.0,57.0,532.0
1698676373.176,15,-72,-1016,28.0,15.0,15.0,424.0,64.0,843.0,308.0,1201.0,1601.0,55.0,527.0
1698676373.19,15,-72,-1016,29.0,14.0,16.0,424.0,64.0,843.0,265.0,1201.0,1600.0,55.0,532.0
1698676373.213,15,-72,-1017,27.0,16.0,14.0,424.0,64.0,844.0,268.0,1208.0,1601.0,57.0,536.0
1698676373.228,15,-72,-1017,29.0,16.0,15.0,424.0,63.0,845.0,288.0,1195.0,1595.0,58.0,540.0
1698676373.25,15,-72,-1017,30.0,19.0,14.0,424.0,64.0,847.0,291.0,1195.0,1592.0,58.0,533.0
1698676373.273,15,-71,-1017,29.0,17.0,16.0,423.0,65.0,850.0,270.0,1209.0,1603.0,60.0,542.0
1698676373.288,15,-72,-1017,26.0,15.0,17.0,424.0,65.0,851.0,241.0,1207.0,1612.0,60.0,541.0
1698676373.311,15,-72,-1016,27.0,15.0,16.0,425.0,66.0,850.0,315.0,1208.0,1613.0,59.0,559.0
1698676373.348,15,-72,-1016,28.0,17.0,15.0,426.0,66.0,850.0,362.0,1191.0,1610.0,60.0,564.0
1698676373.352,16,-73,-1016,28.0,17.0,13.0,426.0,65.0,849.0,375.0,1198.0,1623.0,59.0,567.0
1698676373.37,16,-72,-1016,29.0,19.0,13.0,426.0,65.0,849.0,375.0,1204.0,1594.0,62.0,565.0
1698676373.393,16,-71,-1017,30.0,18.0,13.0,426.0,65.0,850.0,358.0,1207.0,1598.0,61.0,569.0
1698676373.416,16,-72,-1017,29.0,19.0,13.0,425.0,65.0,852.0,349.0,1205.0,1596.0,60.0,566.0
1698676373.431,16,-72,-1016,27.0,17.0,12.0,425.0,65.0,852.0,379.0,1191.0,1598.0,59.0,570.0
1698676373.453,15,-72,-1015,26.0,17.0,13.0,425.0,64.0,851.0,267.0,1194.0,1604.0,62.0,569.0
1698676373.475,15,-72,-1016,29.0,18.0,16.0,425.0,65.0,850.0,258.0,1217.0,1610.0,63.0,583.0
1698676373.498,15,-72,-1016,29.0,17.0,16.0,426.0,65.0,849.0,246.0,1233.0,1611.0,67.0,593.0
1698676373.52,15,-72,-1016,29.0,15.0,15.0,426.0,65.0,849.0,253.0,1219.0,1605.0,65.0,580.0
1698676373.528,15,-72,-1016,29.0,16.0,15.0,427.0,65.0,849.0,384.0,1223.0,1602.0,65.0,581.0
1698676373.55,16,-72,-1017,29.0,17.0,18.0,427.0,65.0,849.0,399.0,1193.0,1597.0,63.0,569.0
1698676373.573,15,-72,-1017,26.0,16.0,17.0,427.0,65.0,849.0,394.0,1191.0,1595.0,63.0,574.0
1698676373.588,16,-72,-1018,26.0,15.0,17.0,427.0,65.0,850.0,389.0,1199.0,1596.0,64.0,544.0
1698676373.611,16,-72,-1017,25.0,17.0,17.0,427.0,65.0,849.0,430.0,1208.0,1598.0,66.0,546.0
1698676373.633,15,-72,-1016,26.0,16.0,14.0,427.0,66.0,849.0,418.0,1192.0,1589.0,72.0,528.0
1698676373.648,15,-72,-1016,28.0,15.0,15.0,428.0,66.0,849.0,325.0,1203.0,1599.0,72.0,533.0
1698676373.67,15,-72,-1016,29.0,15.0,16.0,427.0,66.0,849.0,224.0,1205.0,1595.0,70.0,566.0
1698676373.693,15,-71,-1016,29.0,17.0,15.0,427.0,66.0,850.0,215.0,1202.0,1598.0,69.0,539.0
1698676373.715,16,-72,-1016,27.0,17.0,14.0,427.0,67.0,850.0,228.0,1217.0,1631.0,72.0,532.0
1698676373.73,15,-72,-1017,28.0,18.0,15.0,427.0,66.0,850.0,221.0,1202.0,1625.0,73.0,539.0
1698676373.753,15,-72,-1016,28.0,18.0,15.0,426.0,67.0,850.0,228.0,1191.0,1618.0,69.0,543.0
1698676373.776,15,-72,-1016,27.0,20.0,14.0,425.0,66.0,851.0,221.0,1199.0,1626.0,67.0,543.0
1698676373.798,15,-72,-1016,26.0,18.0,14.0,425.0,67.0,851.0,220.0,1188.0,1633.0,64.0,538.0
1698676373.82,14,-72,-1016,26.0,19.0,16.0,426.0,67.0,851.0,219.0,1203.0,1640.0,67.0,533.0
1698676373.828,15,-73,-1016,27.0,20.0,16.0,426.0,67.0,852.0,212.0,1205.0,1642.0,71.0,533.0
1698676373.85,15,-72,-1016,26.0,19.0,16.0,426.0,67.0,852.0,209.0,1177.0,1635.0,69.0,528.0
1698676373.88,15,-71,-1016,28.0,19.0,18.0,427.0,67.0,852.0,212.0,1177.0,1634.0,72.0,524.0
1698676373.888,15,-72,-1015,28.0,20.0,17.0,426.0,66.0,852.0,212.0,1177.0,1631.0,78.0,525.0
1698676373.911,15,-72,-1015,28.0,17.0,16.0,425.0,65.0,851.0,212.0,1182.0,1625.0,80.0,527.0
1698676373.933,15,-73,-1015,26.0,18.0,16.0,426.0,65.0,850.0,222.0,1174.0,1616.0,81.0,529.0
1698676373.948,15,-73,-1014,27.0,13.0,14.0,427.0,66.0,850.0,215.0,1171.0,1617.0,79.0,533.0
1698676373.97,15,-73,-1015,30.0,15.0,15.0,427.0,65.0,850.0,222.0,1165.0,1609.0,78.0,533.0
1698676373.993,15,-72,-1015,29.0,15.0,14.0,427.0,65.0,850.0,227.0,1170.0,1599.0,76.0,539.0
1698676374.008,16,-72,-1015,28.0,18.0,16.0,427.0,65.0,852.0,233.0,1170.0,1594.0,77.0,539.0
1698676374.031,15,-72,-1015,27.0,16.0,14.0,426.0,65.0,851.0,236.0,1162.0,1585.0,82.0,540.0
1698676374.054,16,-72,-1015,26.0,16.0,16.0,426.0,65.0,852.0,230.0,1184.0,1593.0,84.0,547.0
1698676374.075,15,-72,-1015,27.0,16.0,14.0,425.0,65.0,852.0,231.0,1185.0,1596.0,86.0,543.0
1698676374.098,15,-72,-1015,27.0,20.0,13.0,425.0,66.0,852.0,231.0,1158.0,1600.0,84.0,542.0
1698676374.12,15,-72,-1015,25.0,18.0,12.0,424.0,66.0,852.0,226.0,1173.0,1594.0,92.0,540.0
1698676374.128,15,-72,-1015,25.0,21.0,14.0,424.0,66.0,852.0,241.0,1179.0,1604.0,85.0,546.0
1698676374.151,16,-72,-1015,26.0,22.0,14.0,425.0,67.0,852.0,239.0,1177.0,1593.0,78.0,554.0
1698676374.173,16,-72,-1015,29.0,21.0,13.0,425.0,67.0,854.0,264.0,1176.0,1586.0,76.0,556.0
1698676374.188,15,-72,-1014,31.0,19.0,13.0,424.0,67.0,853.0,293.0,1178.0,1592.0,77.0,561.0
1698676374.21,15,-72,-1015,29.0,16.0,14.0,424.0,67.0,853.0,285.0,1179.0,1596.0,81.0,545.0
1698676374.233,15,-72,-1015,28.0,19.0,14.0,424.0,67.0,853.0,272.0,1179.0,1623.0,81.0,538.0
1698676374.248,16,-72,-1015,30.0,18.0,15.0,423.0,66.0,852.0,276.0,1171.0,1627.0,81.0,534.0
1698676374.278,15,-73,-1016,29.0,17.0,14.0,423.0,66.0,852.0,287.0,1172.0,1643.0,88.0,533.0
1698676374.293,15,-73,-1016,29.0,16.0,14.0,423.0,66.0,852.0,282.0,1164.0,1640.0,86.0,538.0
1698676374.308,16,-72,-1015,27.0,19.0,16.0,424.0,66.0,853.0,291.0,1163.0,1636.0,86.0,537.0
1698676374.33,15,-72,-1015,27.0,20.0,16.0,424.0,66.0,854.0,310.0,1164.0,1634.0,85.0,538.0
1698676374.353,15,-72,-1016,28.0,19.0,16.0,425.0,66.0,853.0,302.0,1162.0,1629.0,83.0,535.0
1698676374.382,16,-72,-1016,29.0,19.0,15.0,425.0,66.0,853.0,310.0,1173.0,1615.0,91.0,538.0
1698676374.398,15,-72,-1016,27.0,16.0,16.0,425.0,64.0,852.0,307.0,1170.0,1606.0,84.0,535.0
1698676374.413,14,-72,-1017,28.0,16.0,16.0,424.0,64.0,853.0,312.0,1169.0,1610.0,83.0,532.0
1698676374.435,14,-71,-1017,28.0,16.0,15.0,424.0,64.0,854.0,294.0,1177.0,1608.0,83.0,539.0
1698676374.458,14,-72,-1017,28.0,15.0,16.0,425.0,64.0,854.0,297.0,1179.0,1609.0,94.0,541.0
1698676374.473,15,-72,-1017,29.0,13.0,15.0,426.0,65.0,853.0,298.0,1176.0,1608.0,84.0,545.0
1698676374.503,14,-72,-1017,30.0,15.0,14.0,426.0,65.0,853.0,288.0,1189.0,1608.0,78.0,553.0
1698676374.51,15,-72,-1017,28.0,14.0,17.0,426.0,65.0,853.0,273.0,1188.0,1622.0,88.0,554.0
1698676374.533,14,-73,-1016,28.0,14.0,15.0,427.0,66.0,851.0,264.0,1184.0,1606.0,80.0,564.0
1698676374.555,14,-73,-1016,28.0,15.0,13.0,427.0,66.0,852.0,262.0,1181.0,1610.0,82.0,560.0
1698676374.571,15,-73,-1015,28.0,17.0,16.0,426.0,66.0,851.0,254.0,1181.0,1622.0,84.0,563.0
1698676374.593,15,-73,-1016,26.0,18.0,15.0,427.0,67.0,850.0,257.0,1180.0,1624.0,84.0,565.0
1698676374.608,14,-73,-1015,27.0,14.0,15.0,427.0,67.0,850.0,250.0,1192.0,1616.0,83.0,565.0
1698676374.63,15,-72,-1015,31.0,15.0,17.0,428.0,67.0,850.0,255.0,1188.0,1625.0,78.0,561.0
1698676374.653,14,-72,-1015,31.0,18.0,18.0,428.0,67.0,850.0,251.0,1208.0,1624.0,79.0,562.0
1698676374.668,14,-73,-1015,29.0,21.0,16.0,427.0,67.0,850.0,249.0,1205.0,1620.0,80.0,560.0
1698676374.69,14,-71,-1015,28.0,22.0,18.0,427.0,68.0,849.0,248.0,1215.0,1618.0,80.0,559.0
1698676374.713,15,-72,-1015,27.0,22.0,16.0,427.0,68.0,850.0,249.0,1205.0,1614.0,82.0,560.0
1698676374.743,15,-72,-1015,29.0,21.0,17.0,427.0,68.0,849.0,236.0,1197.0,1615.0,84.0,556.0
1698676374.758,14,-72,-1016,31.0,20.0,14.0,426.0,68.0,847.0,236.0,1203.0,1613.0,85.0,560.0
1698676374.781,14,-72,-1018,28.0,22.0,16.0,426.0,68.0,847.0,238.0,1194.0,1627.0,86.0,553.0
1698676374.788,14,-72,-1019,28.0,22.0,14.0,426.0,68.0,847.0,246.0,1196.0,1633.0,84.0,555.0
1698676374.81,14,-72,-1018,27.0,22.0,12.0,426.0,68.0,846.0,238.0,1202.0,1622.0,80.0,554.0
1698676374.833,15,-72,-1016,27.0,23.0,14.0,426.0,68.0,846.0,236.0,1191.0,1617.0,74.0,552.0
1698676374.848,15,-72,-1016,27.0,20.0,17.0,426.0,68.0,846.0,241.0,1180.0,1608.0,76.0,561.0
1698676374.885,15,-73,-1015,31.0,23.0,14.0,426.0,68.0,847.0,225.0,1164.0,1599.0,77.0,577.0
1698676374.893,14,-72,-1016,29.0,20.0,14.0,427.0,68.0,847.0,267.0,1163.0,1598.0,77.0,576.0
1698676374.908,14,-72,-1015,30.0,19.0,13.0,428.0,68.0,847.0,258.0,1169.0,1593.0,83.0,572.0
1698676374.93,14,-72,-1016,30.0,20.0,12.0,428.0,69.0,847.0,258.0,1131.0,1593.0,77.0,576.0
1698676374.953,14,-72,-1016,29.0,17.0,13.0,428.0,68.0,849.0,286.0,1108.0,1586.0,75.0,604.0
1698676374.968,15,-73,-1016,27.0,15.0,14.0,428.0,68.0,848.0,355.0,1118.0,1585.0,76.0,594.0
1698676374.99,14,-73,-1017,27.0,17.0,15.0,427.0,68.0,847.0,314.0,1127.0,1586.0,78.0,575.0
